gi|556503834|ref|NC_000913.3|_Escherichia_coli_str._K-12_substr._MG1655__complete_genome
223702 225738
228675 228805
257985 258599
270616 271964
279305 279853
290776 291324
381337 381884
391786 392890
566853 567957
574664 575712
578343 578557
608084 609274
687928 688972
696519 696753
729879 730589
731135 733152
737216 737328
780842 781577
1049855 1050468
1094322 1095422
1269170 1270419
1286963 1287252
1299567 1300620
1396116 1397171
1434347 1434659
1467986 1469295
1531773 1532861
1570747 1571725
1633027 1634945
1635937 1636815
1650920 1651824
1801918 1801971
1978645 1979193
2066233 2067276
2069017 2070194
2101826 2102869
2170247 2171351
2288996 2290036
2304477 2304783
2514350 2515540
2726346 2729127
2729679 2731295
2817578 2818059
2818276 2818471
2996438 2997615
3130196 3131267
3186798 3187349
3365629 3366673
3423549 3428831
3470238 3471117
3583504 3584118
3619350 3620666
3621963 3622761
3624800 3625283
3652109 3653157
3763735 3765752
3941519 3946632
4035462 4040564
4166376 4171684
4209703 4212972
4295912 4295965
4498258 4499434
4507536 4508602
4606167 4606313
