gi|556503834|ref|NC_000913.3|_Escherichia_coli_str._K-12_substr._MG1655__complete_genome
7124 7185
223702 225738
257985 258570
266415 266501
270616 271684
279240 279803
290711 291274
339935 339986
375101 375179
391785 392891
488853 489215
525950 526859
566852 567958
575121 575654
580386 581285
608084 609274
688381 688914
696742 697056
729813 733150
734207 735021
737325 738257
780919 781576
1049905 1050528
1094322 1095427
1097219 1097582
1119241 1119370
1208599 1208692
1299630 1300655
1396175 1396708
1428130 1428452
1468047 1468538
1632637 1634945
1635541 1635838
1650920 1651471
1978580 1979193
2066250 2067222
2069018 2070186
2101794 2102812
2170251 2171358
2289449 2289982
2304762 2304928
2514350 2515540
2726139 2731295
2759942 2760009
2947468 2947604
2996438 2996989
3130277 3130810
3186798 3187349
3366086 3366619
3423739 3428831
3583505 3584118
3620145 3620472
3621267 3621598
3622553 3622761
3652566 3653099
3666282 3667260
3762413 3765750
3767297 3767432
3941739 3946872
4035242 4037009
4037576 4040564
4094507 4094665
4166376 4171878
4176156 4177054
4209703 4212881
4296156 4296271
4498883 4499434
4507536 4508602
