gi|556503834|ref|NC_000913.3|_Escherichia_coli_str._K-12_substr._MG1655__complete_genome
223702 228805
258050 258549
270618 271684
279305 279803
290776 291274
391786 392886
566848 567957
574664 575711
578343 578396
608084 609274
687924 688971
729785 730458
731135 733152
734242 735027
781234 781367
1049905 1050403
1094322 1095427
1097025 1097582
1299573 1300599
1396118 1397165
1427916 1428258
1432338 1434659
1460338 1460450
1467987 1468538
1528404 1529097
1650920 1651471
1699036 1699519
1978645 1979144
2066253 2067222
2069018 2069569
2101826 2102870
2170246 2171351
2288996 2289982
2514350 2515540
2726255 2731226
2996438 2996989
3130219 3131267
3186798 3187349
3365650 3366676
3423776 3428831
3583554 3584053
3624756 3625400
3652109 3653156
3762341 3765752
3767081 3767462
3941670 3946749
4035215 4037009
4037576 4040519
4166521 4171684
4176156 4177032
4209703 4210022
4325897 4326147
4498237 4499434
4507536 4508604
