gi|556503834|ref|NC_000913.3|_Escherichia_coli_str._K-12_substr._MG1655__complete_genome
1 325
223752 228755
279933 279985
290568 290633
315314 316356
525971 526593
566898 567907
574718 575689
608150 609224
687978 688918
729929 734971
781342 781717
1094372 1097320
1269755 1270232
1299626 1300504
1396171 1397111
1428080 1428173
1432779 1434219
1468072 1470397
1634732 1636765
2066268 2067226
2069068 2070144
2101876 2102816
2304559 2304904
2514400 2515490
2726305 2731176
2996488 2997515
3130273 3131193
3186174 3187299
3365683 3366623
3423489 3428878
3470291 3471067
3619538 3622674
3652163 3653103
3666332 3667210
3762281 3762401
3941720 3946699
4040528 4040671
4094541 4094633
4166426 4171520
4208128 4212922
4296097 4296173
4498308 4499384
4641568 4641652
