gi|556503834|ref|NC_000913.3|_Escherichia_coli_str._K-12_substr._MG1655__complete_genome
19923 20309
223752 228424
258028 258421
270666 271634
279290 279989
290568 291147
391835 392840
566903 567909
574718 575658
608159 609224
687945 688878
734921 734971
737397 738586
1094372 1095372
1097222 1097322
1269272 1269818
1286907 1287059
1299626 1300566
1396171 1397111
1468037 1470389
1528454 1529047
1635089 1636703
1650970 1651421
1978630 1979016
2066313 2067226
2069068 2070125
2101876 2102821
2170297 2171331
2289046 2289986
2514425 2515490
2726181 2731245
2996488 2996939
3061789 3061871
3130294 3131213
3186848 3187299
3365683 3366623
3423790 3428781
3583682 3584068
3619400 3622744
3652163 3653103
3666332 3667210
3884757 3884879
3941575 3946369
4035298 4040743
4166640 4171634
4176206 4176982
4296097 4296173
4325905 4325960
4498933 4499384
