gi|556503834|ref|NC_000913.3|_Escherichia_coli_str._K-12_substr._MG1655__complete_genome
1 49297
49805 186897
187583 279159
279964 289371
289952 290522
291404 336956
337485 607829
609044 687850
689177 821178
821762 886205
886710 891290
891837 964748
965296 986867
986970 1024228
1024731 1094244
1095615 1199382
1199895 1292578
1292943 1295590
1296103 1433135
1434070 1507029
1507537 1532020
1532992 1571247
1571912 1634706
1635231 1968567
1969065 2068939
2070503 2170169
2171569 2288763
2290114 2312153
2312723 2509391
2510121 2797961
2798190 3076739
3077308 3171712
3172384 3186095
3187485 3619440
3621745 3626516
3627022 3764693
3765683 3941299
3946950 4058539
4058730 4176269
4177134 4328127
4328628 4507397
4508725 4641652
