gi|556503834|ref|NC_000913.3|_Escherichia_coli_str._K-12_substr._MG1655__complete_genome
1 15412
16706 19795
20827 66031
66582 80042
80550 132599
133119 223624
229007 236930
237166 239097
239921 266427
266866 267731
268302 290354
291402 315228
316647 340667
340824 461615
461792 466149
466780 509870
510039 526020
526518 574585
575884 576309
576649 580195
581132 712393
712987 761300
761822 966628
967146 987656
988197 1094244
1095604 1264214
1264746 1269088
1269502 1422994
1423570 1432237
1433205 1433263
1433972 1467804
1469298 1570420
1571470 1672771
1673282 1769445
1770365 1802850
1803372 2034488
2034673 2162159
2162987 2167264
2167585 2255621
2256076 2492072
2492747 2583019
2583648 2627204
2627780 2643570
2644091 2647513
2648041 2651403
2652019 2662401
2662486 2758087
2758684 2832169
2832662 2864133
2864772 3020418
3020930 3470452
3471341 3619062
3622881 3624187
3625516 3651741
3653235 3762182
3765936 3858485
3859110 3901875
3902381 3938444
3939135 3961426
3962055 4166278
4168254 4229715
4230267 4366854
4367313 4462735
4463301 4472238
4472446 4507270
4508703 4543312
4544068 4555586
4556133 4641652
