gi|556503834|ref|NC_000913.3|_Escherichia_coli_str._K-12_substr._MG1655__complete_genome
1 4893
5381 56029
56578 71381
71950 139049
139538 183481
184006 257731
258676 268042
268479 279162
279970 304226
304449 391618
393079 535523
536030 574585
576073 578184
578683 580282
581391 584659
585184 607994
609406 629454
629996 695201
695717 767166
767733 873933
874510 896832
897168 931773
931936 1038080
1038670 1044730
1044932 1050975
1051365 1106473
1107100 1270078
1270708 1299494
1300726 1318303
1318850 1370118
1370621 1399285
1399920 1449622
1449793 1467909
1470517 1480400
1480902 1501175
1501652 1515640
1516080 1528353
1529249 1570689
1571614 1617910
1618462 1632468
1633247 1633350
1635164 1635838
1637061 1650842
1651660 1817617
1818231 1828343
1828435 1944658
1944945 1977779
1978332 2036156
2037135 2155704
2156382 2238666
2238786 2286434
2286958 2307914
2308446 2487715
2488255 2507839
2508362 2725983
2729298 2749432
2749975 2922261
2922804 2937173
2937674 2959257
2960076 3017520
3017744 3160799
3161360 3162831
3163392 3224484
3224978 3277690
3278123 3293254
3294013 3382880
3383387 3470169
3471343 3502691
3503226 3528150
3528677 3529936
3530448 3623951
3625609 3667101
3667668 3720402
3720910 3762072
3765893 3886750
3887160 3901772
3902297 3941326
3943394 4438284
4438788 4507349
4508680 4525220
4525747 4612878
4613418 4615699
4616261 4641652
