gi|556503834|ref|NC_000913.3|_Escherichia_coli_str._K-12_substr._MG1655__complete_genome
1 59942
60460 266485
267197 290633
291482 381257
382633 391597
392968 574585
575807 607749
609524 657316
657833 806876
807450 821889
822429 843121
843662 950384
951053 1049777
1050611 1094243
1095702 1268991
1269551 1270154
1270675 1299494
1300750 1433655
1434431 1438937
1439598 1528279
1529336 1531671
1533219 1596298
1597016 1598508
1599031 1633808
1635129 1635812
1636587 2068940
2070442 2398401
2399125 2533521
2534114 2755002
2755226 2779088
2779615 2791051
2791649 3077832
3078198 3124574
3124684 3188253
3188804 3267765
3267973 3392351
3392600 3470262
3470810 3539803
3540304 3624000
3625525 3658777
3659408 3666191
3666577 3676245
3676766 3690473
3690995 3735783
3736238 3762052
3765896 4037396
4040882 4166252
4171966 4228402
4228922 4231136
4231291 4252844
4253356 4469631
4470128 4507423
4508713 4508871
4509404 4524861
4525445 4556473
4556865 4588624
4589137 4641652
