gi|556503834|ref|NC_000913.3|_Escherichia_coli_str._K-12_substr._MG1655__complete_genome
19938 20359
223616 228805
258050 258471
274032 275018
279804 280034
290518 291324
381312 381884
391782 392895
566857 567958
574663 575654
580386 581285
608084 609274
687924 688971
729879 730458
731011 732975
737370 738595
780842 781144
781655 781767
1049982 1050403
1094321 1095426
1097041 1097501
1269170 1270341
1286793 1287063
1299573 1300118
1396069 1397165
1432351 1432665
1467987 1470439
1528404 1529097
1531968 1532721
1552112 1552290
1632637 1635328
1636370 1636815
1650920 1651471
1978645 1979066
2066253 2067222
2069018 2070194
2101826 2102342
2170246 2171351
2288996 2290036
2304650 2304935
2511368 2511449
2514350 2515540
2521328 2521443
2726141 2729127
2729644 2731226
2947468 2947604
2996438 2996989
3130218 3131269
3186172 3187349
3365629 3366676
3423336 3428831
3583632 3584053
3621963 3622584
3624343 3625283
3652107 3653156
3762479 3765575
3941670 3946749
4035393 4040723
4094415 4094595
4166521 4171843
4176156 4177032
4209703 4210022
4212959 4213087
4295930 4296303
4326048 4326247
4392438 4392582
4498258 4499435
4507536 4508604
