gi|556503834|ref|NC_000913.3|_Escherichia_coli_str._K-12_substr._MG1655__complete_genome
20380 20437
223616 228805
258050 258549
274049 275072
279305 280034
290518 291274
381337 381884
391744 392886
566848 567958
574685 575711
580364 581767
608084 609318
687945 688971
729879 730458
731025 733152
734815 735023
737203 737499
738385 738595
780842 781577
1049905 1050403
1094322 1095426
1097041 1097503
1269170 1270341
1286793 1287063
1299573 1300599
1396118 1397144
1432351 1432665
1467987 1470439
1528404 1529097
1532194 1532721
1552112 1552290
1570747 1571725
1632637 1634655
1650920 1651471
1978645 1979144
2066734 2067276
2069018 2070194
2101843 2102871
2170246 2171351
2289013 2290036
2304477 2304935
2514350 2515541
2521252 2521443
2729644 2731226
2817924 2818466
2996438 2996989
3130747 3131246
3186172 3187349
3365650 3366676
3392338 3392775
3423495 3428831
3583554 3584053
3621963 3622584
3624756 3625283
3652130 3653156
3762479 3765752
3941670 3946749
4035393 4040564
4094415 4094595
4166521 4171684
4176156 4177032
4210098 4212973
4295930 4296303
4325925 4326210
4392372 4392472
4498258 4499434
4507513 4508604
