gi|556503834|ref|NC_000913.3|_Escherichia_coli_str._K-12_substr._MG1655__complete_genome
1 133
223752 225738
258035 258421
270666 271634
274082 275022
279355 279676
290826 291147
381387 381884
391836 392836
566898 567907
574714 575661
580436 581625
608134 609224
687974 688921
729929 731319
732404 732912
734275 735031
738307 738472
781311 781717
1050032 1050418
1094372 1095376
1097088 1097456
1299663 1300570
1396168 1397251
1468054 1469295
1633077 1634895
1650970 1651421
1978695 1979016
2066303 2067226
2069068 2070219
2101876 2102821
2170296 2171301
2289046 2289986
2304649 2304727
2357749 2357801
2514400 2515519
2726305 2729077
2729729 2731405
2996488 2996939
3130797 3131217
3186222 3187299
3366136 3366626
3423904 3428781
3470291 3471067
3583682 3584003
3621726 3621885
3624163 3625350
3652159 3653106
3666332 3667210
3762529 3765525
3941789 3943236
3943811 3946699
4035512 4040514
4166640 4171634
4180575 4180644
4209703 4212922
4296097 4296173
4498306 4499384
4507586 4508552
