ENA|CP001628|CP001628.1_Micrococcus_luteus_NCTC_2665__complete_genome.
31115 31602
45277 46460
47125 48324
210170 210901
227103 228279
335710 336890
339193 340435
368864 370134
419379 421185
510951 512193
534496 535738
576938 577619
592350 592962
704372 705594
711349 711732
712291 712977
715043 716459
987922 989212
1102746 1103989
1105932 1106324
1123985 1125341
1127312 1128634
1303035 1304212
1313231 1314407
1524519 1525309
1528943 1530081
1558495 1564690
1573606 1574848
1615498 1616169
1623450 1624245
1633589 1634275
1642935 1643621
1673732 1673804
1756824 1757980
1758505 1759681
1762769 1763169
1764656 1765530
1908907 1909259
1959700 1961004
2124868 2126199
2199602 2200874
2211528 2212859
2218730 2220002
2225419 2226596
2253398 2254749
2303548 2304510
2333076 2334347
2337629 2338315
2382236 2383568
2462753 2463439
