ENA|CP001628|CP001628.1_Micrococcus_luteus_NCTC_2665__complete_genome.
1 16122
16634 19723
20323 29546
30155 32799
33328 39569
40220 41799
42402 55932
56642 57732
58417 70507
70783 89678
90221 113012
113521 113892
114448 115411
115729 128391
128894 129154
129998 130103
131404 145326
145839 166317
167001 182930
183444 186585
187145 190549
191118 196967
197302 204681
205438 207881
208417 211870
212249 217370
217994 247927
248392 342136
342665 352598
353104 367076
367592 377161
377702 383490
383915 387885
388178 398350
398626 399262
399796 411965
412564 421973
423901 425089
425642 464395
464788 472271
472823 479549
480078 500546
500708 502860
503415 510702
512282 515450
516035 524326
524503 526318
526825 533443
533908 534312
535822 541554
541944 551019
551546 570466
570959 571269
571833 576422
577697 581776
582283 596607
597257 605256
605793 707389
707918 712214
713257 715173
716110 739354
739866 763485
764129 773232
773666 773869
774473 775800
776364 793234
793858 811039
811641 812560
813089 816167
816452 828699
829292 916607
917311 947855
948327 969864
970503 970802
971557 987716
989277 1028085
1028465 1031827
1032424 1072173
1072591 1076890
1077144 1078153
1078764 1082608
1083399 1083908
1084479 1089361
1089714 1098271
1098795 1107418
1107521 1108775
1109401 1125697
1126221 1127312
1127862 1128722
1129058 1130857
1131407 1153757
1154257 1155863
1156355 1158443
1159051 1159479
1159604 1223457
1223626 1225164
1225671 1249442
1249859 1254622
1254860 1274715
1274933 1310934
1311765 1313055
1315112 1341070
1341597 1347306
1347898 1357857
1358085 1361637
1361847 1366429
1366968 1368779
1369269 1374378
1374615 1389025
1389651 1430100
1430235 1439425
1439652 1443364
1443937 1444392
1444925 1457128
1457634 1458500
1459096 1468992
1469233 1484545
1485167 1526561
1527029 1528866
1530714 1535411
1535931 1542328
1542905 1559450
1560681 1562550
1563382 1564731
1566149 1566784
1567329 1582897
1583319 1590701
1590951 1602570
1603093 1614261
1614792 1614989
1616352 1645779
1646328 1670432
1671132 1674381
1674891 1700350
1700770 1701975
1702250 1724937
1725133 1731044
1731379 1800455
1800972 1805801
1806442 1824156
1824683 1835816
1836229 1841919
1842385 1849118
1849845 1857678
1858241 1861618
1862259 1864520
1865159 1868008
1868606 1875715
1876279 1884236
1884836 1889843
1890491 1891319
1891743 1895310
1895808 1907854
1908747 1912751
1913279 1922862
1923429 1930939
1931858 1949813
1950367 1959553
1961082 1965939
1966099 1984609
1984824 1993420
1995065 1995284
1995792 1998693
1999204 2006230
2006796 2008979
2009486 2012020
2012266 2014466
2015124 2061756
2061965 2068706
2068798 2079849
2080470 2124790
2126360 2128879
2129431 2137333
2137875 2140837
2141387 2144645
2144951 2192931
2193214 2195532
2196059 2200434
2200966 2213619
2214283 2242415
2242921 2242984
2243492 2243935
2244535 2254387
2254970 2255979
2256501 2262849
2263350 2314283
2314784 2322346
2322601 2326587
2327095 2340132
2340700 2345446
2345982 2382155
2383744 2385584
2385878 2407885
2408511 2417939
2418576 2429269
2429834 2451708
2452222 2483022
2483855 2501097
