ENA|CP001628|CP001628.1_Micrococcus_luteus_NCTC_2665__complete_genome.
45333 48152
227252 227664
335701 336737
339243 340386
368975 369425
511000 512149
534546 535688
576714 577473
592500 593594
704411 705543
712146 712269
715093 716409
987972 989173
1102796 1103938
1124034 1125341
1283319 1284512
1303069 1303597
1313259 1314330
1528993 1530119
1558280 1564766
1573656 1574808
1615589 1616224
1623505 1624139
1633535 1634169
1642881 1643571
1758580 1759066
1762914 1763169
1764657 1765480
1993548 1994729
2124918 2126177
2199652 2200842
2211642 2212810
2218881 2219952
2225404 2226552
2253436 2256175
2337735 2338370
2382286 2383518
2462699 2463333
