ENA|CP001628|CP001628.1_Micrococcus_luteus_NCTC_2665__complete_genome.
31115 31602
45298 46460
47125 48301
210789 210901
227009 228279
335710 336886
339193 340442
344624 344756
368864 370134
510951 512193
534496 535738
576820 577515
592351 592962
704314 705594
711349 711732
712291 713183
714952 716459
1079090 1079151
1102745 1103988
1105932 1106324
1123985 1125341
1127312 1128634
1283277 1284556
1303036 1304212
1311154 1312425
1313231 1314407
1448511 1448735
1524519 1525309
1558495 1566582
1573606 1574849
1615484 1616273
1623455 1624245
1633485 1634275
1642831 1643620
1756683 1757962
1758504 1759781
1762769 1763169
1764656 1765530
1908277 1908338
1908907 1909259
1959702 1961004
1993499 1994778
2124868 2126199
2199602 2200874
2211528 2212859
2218732 2220002
2225419 2226595
2253398 2254749
2303711 2304406
2337629 2338419
2382237 2383568
2462649 2463457
