ENA|CP001628|CP001628.1_Micrococcus_luteus_NCTC_2665__complete_genome.
31086 32142
45433 48152
56936 57779
227252 228314
335638 336737
339243 340386
369553 370084
511001 512143
534546 535688
537544 537612
576707 577465
592500 593571
704505 705431
711399 712214
715093 716409
1102795 1103938
1124147 1127311
1283327 1284506
1303185 1303597
1312530 1314258
1473920 1473982
1558617 1566532
1573656 1574799
1615534 1616223
1623521 1624195
1633534 1634225
1642881 1643570
1756746 1759725
1762819 1763169
1764656 1764823
1959752 1960954
1993690 1994616
2124918 2126149
2211578 2212809
2218782 2219952
2225390 2226446
2254827 2255530
2304110 2304557
2337679 2338370
2382256 2383486
2462699 2463389
