ENA|CP001628|CP001628.1_Micrococcus_luteus_NCTC_2665__complete_genome.
45284 48301
210126 210901
227103 228279
335710 336901
339193 340461
344545 344999
368864 370101
510951 512193
534496 535738
576875 577337
592350 593527
703555 705594
711349 712214
1102745 1103988
1123985 1127311
1283277 1284554
1303035 1304308
1312530 1314407
1524519 1525309
1558212 1566582
1573600 1574849
1615484 1616273
1623455 1624245
1633485 1634274
1642831 1643620
1756824 1759775
1908413 1909259
1959702 1960972
1993498 1994778
2124868 2126199
2199602 2200874
2211528 2212859
2218730 2219908
2225321 2226596
2252741 2254749
2337583 2338420
2382237 2383568
2462649 2463439
