ENA|CP001628|CP001628.1_Micrococcus_luteus_NCTC_2665__complete_genome.
1 1065
1906 3111
3635 5103
7310 9064
10006 12729
13252 13679
14287 16025
17446 19058
19604 20085
21372 21656
22372 22670
23288 24558
25159 25980
27754 28171
29014 29298
30644 32982
34275 37243
38284 39634
40263 40737
41864 42649
43234 43947
45228 50170
50691 54053
54606 55076
56955 57040
57557 61073
61831 63070
64355 64781
65403 65870
67800 68178
68849 70336
71104 72580
73219 73771
74359 76377
76732 78160
78747 79562
80993 81318
81939 82203
83045 83943
84328 85181
86970 88090
89425 90954
91459 92243
92545 92638
93190 93536
94374 94477
94990 95459
97087 97355
97859 98253
99399 99832
100591 102432
103227 105519
106033 106647
108711 110331
111322 111514
111879 112161
112954 114563
115729 116886
117074 119916
120446 121275
121527 122794
125029 126313
126842 127615
128112 128686
130273 133116
133296 133584
135169 136784
137104 137439
138258 138390
139125 143182
143850 144394
145056 147727
148657 152632
153290 154655
155420 156575
157186 157389
157926 159669
159839 160049
160635 162830
163424 165067
166097 166808
167353 167861
168512 169625
170243 172096
175405 176361
176610 181269
182187 183445
184309 185074
185608 187502
187946 188426
189003 189183
189985 194119
194934 197279
197666 198074
199913 200667
201368 202793
204043 207856
208360 211953
214837 215242
215768 217169
218025 218428
219877 222153
222819 223891
225114 225838
227037 228705
229291 230928
231626 234398
234912 236162
236692 236788
237721 237997
239866 240807
242287 242654
243896 245271
245795 250511
251027 252263
252785 254119
254810 255916
256416 257238
257772 258351
258862 259135
259722 259880
260418 260881
261874 262201
262996 263387
264000 265691
266245 267059
267177 268959
269122 271235
271748 274949
275608 276063
276770 277433
278072 284723
285335 286042
286657 286758
287274 288390
289028 290032
290379 290545
292234 292573
294398 295700
296254 298188
298966 302570
303155 304555
305145 305761
306363 306993
307221 308299
308837 309220
309784 310723
311151 312869
314054 316195
317623 318049
319913 320986
321575 323614
324152 325528
326184 326727
326888 327478
328036 328335
329218 330220
330846 333724
334407 334733
335261 337657
340520 340772
341372 341484
342050 343872
344234 345788
346038 347775
348457 349444
350942 351987
352895 353426
354178 354883
355490 355999
357284 358897
359561 361222
361784 361992
362124 362429
362966 363104
364875 366024
366208 366716
367282 371376
371906 371966
372545 373300
374059 376351
377005 379232
379684 381614
382277 382421
384265 385112
386046 387347
387536 390183
390930 395156
396345 398385
398675 398823
399387 400954
401600 402280
402962 403256
403513 404407
404914 405712
406340 407153
407921 408016
408200 408634
409323 410335
411596 415035
415603 415915
416427 416483
417042 417630
418225 419296
421981 425697
426003 426164
426494 427597
428177 428568
429012 430347
431124 431892
432649 433723
434380 435068
435754 436826
438053 438964
441806 443540
444207 446232
447099 447332
447497 449232
450012 451266
452589 452944
454013 456721
457282 458474
459221 459399
460252 460497
461873 462196
463608 465133
465641 467329
467835 468539
469147 469516
471542 472664
472764 474574
474928 475601
477286 478119
478668 480431
481114 481940
482491 483661
484345 485879
486544 487180
487336 488333
489038 489481
489759 489917
490850 495897
496416 498002
498822 499255
500295 501247
502725 502866
503375 503814
503960 504108
505426 505773
506120 507054
507578 508983
509692 513516
514463 515304
515954 516508
517294 517844
519187 519273
520267 521363
521921 522234
522940 523374
523605 525338
525955 527211
527913 528041
528203 528309
528843 529833
530407 532160
532774 533588
534114 538619
539388 540039
541296 541448
541714 541922
542193 542671
543227 543860
544576 545361
546734 547696
548327 550073
551940 555342
555902 557573
558477 559872
560512 560686
561520 564593
565197 566976
567646 568377
569069 569203
569937 570077
571331 571441
572241 573277
573840 574864
576018 576574
578592 580341
580848 582465
583828 584547
584951 585327
585610 586794
588735 589061
589717 591212
591814 593610
594376 594537
595584 596250
596608 598222
599031 600189
601457 602369
602920 605148
605402 606715
607231 608092
608299 609280
609853 610085
610377 611051
611647 612598
613383 615576
616085 616244
616459 617326
618114 618572
619781 620051
621128 621347
621674 622529
623607 624239
625804 626701
627786 628194
628919 629948
630309 630560
631129 631208
631796 633146
634024 634945
635700 637535
638116 638186
639662 639988
640749 647537
648116 649765
650413 652225
653336 654647
655248 656927
658275 659242
659451 660865
662125 663400
664028 665843
666689 667701
668213 668694
670085 670219
670950 672251
672920 674428
674791 675118
675688 677230
677937 678670
678768 680951
681104 682268
682833 683246
684379 685979
686760 686821
687267 689580
690227 690578
691103 692749
693642 694692
695368 697256
697881 699656
700596 701014
701537 701836
702352 703693
705671 706698
707893 709075
711189 714065
714480 715147
715819 721058
722527 723663
724284 724699
725211 725286
726351 728293
729329 729647
729995 730108
730384 730599
731495 732396
733715 734798
736080 737372
738084 739603
740770 741151
742632 742831
743161 743470
744608 745797
746154 751221
751821 756646
758060 760202
761442 763146
765285 766160
766754 769827
771042 773102
774056 774360
774988 775917
776580 777621
778017 778243
778608 778808
779426 781658
782961 785014
785758 790702
791516 792122
792638 793587
794536 795854
796442 798517
799490 799774
800096 800266
801104 801510
802278 804055
804228 805398
805970 806946
807604 808608
809340 809613
811163 811390
812164 812592
814047 814680
815779 816142
817776 819928
820570 820871
821378 822070
822759 825498
825743 828100
829150 830227
830526 831831
832386 833026
833366 834026
835133 836274
837110 838500
839115 841137
841987 842358
843150 843753
845058 846348
847107 849603
849827 850112
850454 851377
852067 852181
853379 857079
858237 858689
858817 860239
860527 860732
861323 861837
862894 863562
863888 864178
864856 866202
866391 867375
868215 868415
869808 870538
871289 872738
873358 873660
873857 873927
874456 874797
875318 875858
876226 876281
876842 876922
877501 880094
881700 882828
883537 884632
885826 886387
886988 887130
888056 888288
888791 891724
893786 894085
895332 897278
898314 898381
898893 900233
900972 901312
901925 902128
902605 902666
904302 908828
909344 909442
910100 910508
911040 911090
911827 912363
913765 914488
915028 915455
916049 917938
918451 918835
919400 919518
920330 921075
922403 922764
923738 924136
924879 925540
926115 928547
929520 929630
930684 932469
933579 933716
934272 934353
934971 935776
936067 936188
936480 937050
937766 938937
939602 939715
940474 940902
942074 943062
943659 944717
945373 945428
946211 946493
947564 950198
951414 951809
952379 955003
955573 956366
957256 958195
958910 959360
960491 962751
963165 963351
964396 965364
965947 967456
968302 972230
973083 973297
974920 976886
977566 977616
978162 978309
979188 979772
980351 983704
984416 985629
986133 986487
987495 989275
990241 993317
994801 997268
997893 998459
999027 1000737
1000890 1002982
1003466 1004119
1004643 1005245
1005971 1006071
1007197 1009388
1010044 1011871
1012417 1015271
1015504 1018374
1019577 1022039
1022405 1023497
1023877 1025306
1026363 1026618
1027168 1027600
1028396 1029966
1030879 1031565
1032437 1033064
1033850 1035206
1036083 1036838
1037409 1037771
1038681 1042911
1043596 1044369
1045058 1045179
1046258 1046421
1046928 1049688
1050771 1053792
1054495 1054816
1055018 1057110
1057870 1058641
1059297 1060400
1060559 1061386
1062162 1064571
1065551 1066013
1066537 1068599
1069100 1069557
1071058 1075112
1075868 1077145
1079468 1081618
1082275 1083300
1083867 1084034
1084811 1084969
1085525 1088544
1089589 1090508
1091508 1093811
1094803 1095246
1097301 1097830
1098200 1099560
1100270 1100540
1101047 1104533
1104881 1107531
1108074 1108244
1108484 1108697
1111505 1113421
1114036 1115717
1116282 1116411
1117524 1117686
1118457 1120092
1120598 1121241
1122892 1123433
1123940 1125300
1127032 1129938
1130907 1131289
1132415 1132750
1133348 1138399
1138599 1139563
1140252 1140727
1142953 1144446
1145682 1146093
1146596 1148332
1149419 1149773
1150296 1150990
1152265 1152856
1153432 1155289
1155637 1155882
1156425 1156869
1157086 1158452
1159392 1159578
1161391 1161829
1162441 1164015
1164933 1165211
1165723 1166239
1166843 1167095
1167722 1169255
1169810 1170928
1171988 1172579
1173605 1175261
1177050 1178031
1178577 1178715
1179422 1179665
1180604 1181120
1181805 1184501
1185042 1188069
1188706 1189172
1189738 1189911
1190038 1190384
1190985 1191234
1191758 1191973
1192677 1193880
1194676 1196012
1197158 1198199
1199244 1200032
1200654 1201338
1201929 1203498
1204368 1204701
1205684 1206486
1207093 1208179
1208400 1208664
1209948 1210542
1211754 1213436
1214106 1214569
1215266 1217044
1217610 1217700
1218815 1219398
1220025 1221267
1221772 1224915
1225436 1225793
1226289 1227356
1229984 1230044
1231079 1234738
1235267 1236466
1237084 1237723
1238261 1239259
1239766 1241682
1241934 1242681
1243639 1243936
1244945 1245212
1245827 1247142
1247721 1250120
1251746 1252377
1253653 1256542
1256884 1259484
1260209 1260637
1261261 1263743
1264363 1264552
1264837 1264888
1265504 1267265
1269144 1270124
1271032 1271744
1272828 1273529
1274100 1274472
1275120 1275426
1276744 1279089
1279658 1280135
1281021 1281455
1281963 1282414
1284861 1285263
1285764 1286513
1287715 1288928
1289174 1290379
1290938 1293639
1293840 1294248
1294885 1295266
1295908 1296516
1297729 1299344
1299854 1300649
1301607 1305165
1306347 1307012
1307621 1308685
1309319 1309719
1310221 1311785
1312815 1316074
1316946 1317904
1318660 1318849
1319406 1322366
1322661 1322807
1323760 1325566
1327145 1328476
1329535 1330871
1331646 1332149
1332845 1333182
1333802 1335325
1335967 1337074
1337624 1339352
1339940 1342532
1343075 1343783
1344592 1345311
1345808 1345956
1346775 1348282
1348784 1348943
1349134 1350845
1351687 1351965
1352514 1353795
1354433 1354963
1355233 1356268
1357880 1358134
1358706 1358816
1359483 1364228
1364944 1367335
1368013 1368811
1369635 1369943
1370518 1370699
1371987 1372332
1372831 1373659
1374763 1375116
1375947 1377010
1377883 1380656
1382115 1382548
1383180 1384783
1385295 1387021
1387771 1388174
1389334 1389473
1390417 1390728
1391435 1391688
1392319 1395970
1396529 1398304
1399000 1399738
1400361 1401106
1401613 1402676
1403269 1403565
1404252 1405290
1405981 1406153
1407580 1407799
1408564 1409173
1409981 1410067
1410727 1410840
1411463 1413699
1414926 1415562
1416425 1417667
1418310 1418580
1419604 1419960
1420537 1420924
1421291 1422858
1423375 1423548
1424086 1425344
1425724 1426318
1427169 1429018
1429551 1429969
1430126 1430533
1431990 1432178
1433322 1434319
1435166 1436198
1436689 1436739
1437142 1437191
1437669 1438865
1439178 1439781
1440318 1442898
1443491 1444427
1445971 1447699
1447872 1448916
1449543 1451045
1452472 1452840
1453968 1454387
1455091 1456222
1456567 1459142
1459594 1459881
1460455 1460879
1461508 1462534
1463154 1464048
1464635 1465246
1466934 1468281
1468793 1468956
1469233 1472066
1472593 1473411
1474272 1475345
1476507 1476869
1478011 1479715
1480418 1480829
1482791 1483558
1484521 1484679
1485179 1488241
1488486 1489461
1489970 1490178
1490771 1491960
1492300 1493871
1494845 1494914
1495695 1495816
1496626 1496838
1497427 1497503
1498098 1498807
1499271 1501098
1501660 1502250
1502824 1505677
1505821 1507847
1508449 1508638
1509146 1509996
1513142 1513979
1514519 1515915
1516742 1517974
1518367 1519674
1520044 1521447
1522329 1525361
1526074 1528290
1530300 1530982
1531277 1531420
1532264 1532941
1533464 1533808
1534119 1534237
1534446 1535697
1536827 1538286
1539808 1541249
1542004 1542375
1543797 1544483
1544846 1546023
1546569 1546997
1547506 1548403
1548691 1548949
1549447 1549557
1550109 1554435
1555113 1555358
1556313 1556421
1557606 1559133
1562629 1564766
1566910 1567125
1567877 1569998
1570523 1570979
1572217 1573522
1575177 1576212
1576929 1577727
1578359 1578468
1578703 1579068
1579664 1579920
1580650 1580873
1581270 1581934
1582122 1582468
1583524 1584481
1584957 1585162
1586345 1586701
1587402 1587983
1588677 1589010
1589787 1596624
1598104 1598261
1598936 1600922
1601656 1602350
1604140 1604698
1604967 1605364
1606198 1606296
1607481 1609654
1610295 1610554
1611082 1612998
1613607 1617634
1618326 1618444
1618979 1619145
1620397 1621430
1622207 1622880
1623407 1624655
1625283 1626861
1627529 1628461
1628755 1632487
1633091 1633403
1635117 1635176
1635681 1639748
1640051 1642097
1642787 1643998
1644685 1646393
1646932 1647257
1647902 1648243
1648725 1650883
1651260 1651918
1652549 1654722
1655503 1655732
1656313 1656822
1658407 1659235
1660155 1660361
1661201 1662513
1662744 1663517
1664770 1665804
1666709 1668869
1669051 1669748
1670458 1670579
1670912 1672923
1673203 1674345
1674950 1677523
1677853 1680563
1681439 1682195
1682521 1683879
1684482 1685718
1686442 1686510
1687035 1687634
1687852 1692044
1692610 1696012
1697377 1697504
1698373 1699065
1700384 1700596
1701279 1701657
1701811 1702766
1703109 1704920
1705676 1706088
1706589 1708858
1710082 1710458
1710975 1712088
1712476 1714615
1715288 1717535
1718092 1719647
1719817 1720397
1721078 1721769
1723527 1723765
1724986 1725443
1726410 1726651
1727504 1730608
1731116 1734451
1734975 1736967
1737500 1738931
1739444 1739956
1740265 1741393
1741966 1742693
1743434 1744314
1745564 1749199
1750633 1750811
1751997 1760044
1760586 1761757
1762391 1765519
1766178 1767313
1767844 1768057
1768730 1769813
1771004 1771727
1772276 1774800
1775363 1775686
1776217 1776993
1777846 1781846
1782248 1782317
1783345 1783434
1783711 1784530
1785071 1786588
1787128 1792044
1792642 1797646
1798894 1800194
1801387 1801862
1802625 1803573
1804369 1804591
1805768 1806002
1806696 1807735
1808308 1809034
1809335 1809409
1810753 1811171
1811867 1812527
1813479 1819517
1820075 1821846
1822658 1822730
1824592 1824921
1828206 1829215
1830150 1830541
1831532 1832755
1833313 1834209
1835706 1836101
1836971 1837213
1838001 1838351
1838910 1838993
1839101 1839742
1840835 1842306
1842952 1844113
1844814 1844980
1845409 1849103
1850328 1850970
1851716 1852533
1853196 1854114
1855071 1855537
1856496 1856797
1857543 1858889
1859820 1862955
1863720 1865453
1866853 1870189
1870948 1871730
1872495 1873333
1874013 1874075
1874848 1878580
1879699 1879906
1880095 1882483
1882871 1884217
1885358 1886436
1887214 1888273
1888974 1889098
1889683 1892331
1893254 1893444
1894163 1894294
1894861 1895643
1896030 1897260
1897939 1899100
1899689 1900546
1901317 1902516
1903391 1905455
1906126 1906186
1906339 1906656
1909342 1909909
1910473 1912525
1913722 1914139
1915422 1916054
1916715 1917028
1918207 1918710
1919194 1921289
1921893 1922866
1923485 1924544
1925499 1926899
1927354 1927854
1928426 1929124
1929708 1929826
1930703 1931977
1932557 1933233
1933534 1934364
1935649 1937188
1937760 1939826
1940666 1940933
1941106 1941319
1941409 1945541
1946149 1947227
1948315 1949087
1950085 1950478
1951004 1951169
1951676 1953674
1954758 1958197
1959463 1964869
1965397 1965515
1966613 1966772
1966976 1969917
1971814 1972052
1973246 1974178
1975069 1976733
1978116 1978514
1979058 1979554
1980651 1981148
1982215 1982847
1983884 1985085
1985479 1985559
1986922 1988420
1988530 1988798
1990698 1991172
1991770 1992216
1992965 1998630
1999234 2000393
2000972 2001970
2002559 2002955
2003810 2005696
2006375 2006491
2006910 2009328
2009966 2011467
2012162 2012619
2013669 2014156
2016025 2016764
2017336 2018598
2018868 2019341
2020106 2020861
2021147 2022072
2022837 2022988
2023236 2024241
2024590 2024789
2025335 2027291
2028354 2033483
2034101 2034445
2035379 2037005
2038247 2038577
2039180 2040028
2040592 2041458
2041966 2042994
2043559 2044228
2045078 2046098
2046682 2047973
2049027 2049840
2050007 2050550
2051108 2051610
2052196 2052642
2053992 2054607
2055211 2056058
2056611 2057876
2058413 2059108
2059817 2062643
2063175 2064074
2064589 2066433
2067366 2067840
2067927 2068250
2069941 2071165
2071711 2071985
2072882 2073184
2073899 2076791
2077780 2078701
2078910 2079050
2081000 2082997
2083592 2083738
2084663 2084723
2085666 2086264
2086794 2087830
2088744 2093578
2094116 2094655
2095843 2097069
2097762 2097838
2098975 2099634
2100137 2102683
2105978 2106043
2106570 2108401
2109516 2109661
2110223 2113202
2113379 2114037
2114186 2114244
2114967 2115157
2115886 2115990
2116355 2117835
2118280 2118730
2119540 2120060
2120705 2121901
2122648 2122889
2123707 2124790
2126325 2126959
2127820 2128032
2129672 2130249
2130791 2131289
2131923 2132694
2133127 2133198
2134352 2134573
2135089 2135820
2138101 2138483
2139024 2140604
2141171 2141335
2142061 2143634
2144226 2146963
2147166 2148072
2148292 2148972
2149332 2150787
2150981 2151588
2152314 2152517
2153095 2153151
2154815 2156544
2157359 2157882
2158497 2158997
2159336 2160022
2160576 2161276
2161429 2162549
2163816 2164005
2164674 2166237
2166658 2167087
2167783 2168153
2168655 2170383
2170597 2172424
2172929 2172982
2174195 2174401
2175564 2176207
2176723 2178524
2179095 2180262
2181303 2181803
2182843 2184273
2184952 2185574
2185881 2186680
2187017 2187729
2188265 2189267
2189805 2190039
2190662 2192869
2193724 2194243
2195313 2196127
2196665 2199226
2201388 2206189
2206450 2206584
2206940 2207023
2207222 2207815
2208507 2209035
2210005 2211081
2212937 2214857
2215842 2222144
2222773 2223217
2223923 2223980
2224402 2225906
2227052 2227710
2228452 2231173
2231978 2232356
2232861 2233003
2235188 2235786
2236541 2238190
2238979 2239394
2240098 2240945
2241911 2242561
2243183 2243768
2244822 2245025
2245529 2248031
2248591 2251634
2252189 2252354
2252502 2255096
2256484 2259061
2259749 2260761
2261675 2262239
2263162 2264191
2265026 2265081
2265690 2266579
2268010 2268373
2269021 2269320
2270401 2271684
2272203 2272704
2273252 2274621
2274726 2275038
2275730 2277455
2278297 2279124
2279636 2280086
2280624 2280921
2281743 2283271
2285266 2286046
2286659 2287348
2288201 2288845
2288993 2289223
2290234 2292726
2293206 2298570
2299409 2301002
2301706 2302502
2302921 2303068
2304607 2304668
2305898 2306249
2306460 2306604
2306819 2308214
2309046 2312122
2312845 2313845
2314676 2316335
2316505 2316728
2317125 2317364
2317955 2318430
2319558 2319766
2320480 2321190
2322039 2322579
2323979 2324682
2325912 2330522
2331048 2331488
2332030 2332663
2332973 2333674
2335262 2335378
2336616 2337298
2338498 2338876
2340012 2341178
2342635 2342889
2343619 2344260
2345257 2346161
2346734 2348391
2348913 2348986
2349915 2350149
2350849 2351666
2352224 2352326
2352557 2353253
2353662 2354357
2355251 2357081
2357724 2361160
2361560 2361868
2363246 2363650
2364086 2364304
2364811 2365637
2366246 2367409
2367747 2367910
2368428 2368807
2369090 2369678
2370212 2372744
2373295 2374136
2374601 2375312
2376286 2377517
2378116 2379240
2379535 2380538
2381119 2384024
2384552 2384657
2385896 2387308
2387828 2388725
2390003 2390546
2391192 2391867
2392464 2394031
2394550 2394811
2395342 2396027
2397620 2399442
2399993 2400876
2401515 2401922
2402485 2404618
2405205 2407594
2408223 2408368
2408594 2410355
2411650 2411943
2413123 2414014
2415193 2417715
2417998 2419228
2419768 2424764
2425014 2425289
2426540 2427747
2429120 2429807
2431525 2431899
2432210 2432384
2432890 2433813
2434867 2435077
2436111 2437062
2437586 2439401
2439999 2440312
2440941 2442242
2442721 2443934
2444468 2445046
2446367 2446425
2447138 2449278
2449796 2453172
2453910 2455345
2456263 2459053
2459618 2460006
2460776 2461940
2462453 2467434
2467893 2468075
2468581 2474386
2475029 2475934
2476485 2477243
2478021 2478426
2479318 2479579
2480008 2481052
2481587 2482363
2482874 2483273
2483803 2484450
2485123 2485394
2485988 2486347
2486982 2487705
2488441 2489129
2489678 2491105
2491920 2494950
2495616 2496377
2496986 2497216
2497618 2498413
2498934 2501097
