ENA|CP001628|CP001628.1_Micrococcus_luteus_NCTC_2665__complete_genome.
31376 31602
45433 46199
47175 48152
210693 210851
227252 228018
335760 336737
339277 340411
369013 370051
511000 512143
534546 535717
576679 577128
592500 592912
593486 593644
704364 705431
711399 711557
712341 713031
987944 989149
1078200 1079025
1102795 1103938
1124147 1125341
1127312 1128584
1303185 1304162
1313200 1314258
1529105 1530110
1558272 1558573
1559383 1566532
1573650 1574799
1615534 1616223
1623505 1624195
1633534 1634225
1642881 1643204
1756795 1757940
1758654 1759615
1762819 1763169
1764656 1765182
1959752 1960954
2124918 2126149
2199652 2200824
2211578 2212809
2218881 2219919
2225469 2226446
2234565 2235881
2253448 2254699
2304147 2304460
2333126 2334297
2337679 2338370
2382287 2383518
2463106 2463389
