ENA|CP001628|CP001628.1_Micrococcus_luteus_NCTC_2665__complete_genome.
1 1552
2140 2517
3043 3347
4620 5984
6329 6757
7998 8334
8738 10382
11620 12123
13220 17898
18102 18787
19635 20025
20721 21409
22435 22883
23602 25279
25939 27557
28060 28708
29475 31070
31636 32614
33911 35408
36515 39079
39849 40540
41479 42535
43183 44385
44933 49352
50158 50656
51334 52071
52342 55243
57572 61831
62799 63606
64604 67782
68378 70933
72372 73067
74017 74303
74908 78580
79248 81558
82133 83348
84233 84711
85048 85491
87266 90033
90575 91954
92759 93347
94744 94871
95315 96717
97355 97787
98529 98749
99301 102375
104274 107880
109198 109564
110169 111356
111754 115988
116510 119560
120261 123702
124704 125519
126067 126763
127458 128751
129266 130248
130850 131412
132429 134063
134447 136622
137191 138041
138317 140310
141224 144110
146294 147136
149375 150389
151057 152312
152828 153695
155084 155177
155744 155949
157584 158164
159019 159868
160440 160756
161328 164226
164808 167360
168195 168300
168817 168962
169140 170889
171527 174338
174950 176655
177190 177615
178243 178725
179309 182341
182933 183270
184316 186245
186999 187131
188140 188770
189378 190380
190902 192436
192767 192853
193415 195309
195821 195882
196696 198211
198735 199351
199800 201126
201771 204144
204802 205617
207619 209723
209948 211096
212237 212286
213249 214187
215519 216080
218416 218638
219413 223304
223864 224652
225609 230275
230822 231786
232594 233434
234721 235107
236122 236517
237180 237715
238376 238944
239676 240181
240644 242655
243200 243375
243898 245901
247627 248261
249064 254472
256692 258261
258893 260201
261310 262550
263763 263894
264216 264831
265378 265766
266422 266741
267281 269312
269890 269966
270854 271482
272884 273725
274331 274684
275058 278451
279116 281413
281996 282404
283549 284584
285467 286512
287654 290356
290933 291572
292947 293786
294395 297839
298635 298774
299439 299984
300555 301205
302246 303135
304342 305681
306238 309030
309568 310842
311151 312062
312728 313310
314331 314782
315425 319785
320607 323198
323913 324302
324875 326301
326888 327560
328062 330595
331181 332113
332714 334193
335087 336939
337716 338088
338814 340709
341241 341300
341549 343778
344082 346053
348474 349129
349587 351413
352126 352360
353042 354206
355091 359268
359925 360110
360703 360929
363019 363207
363987 366750
367904 372847
373412 374468
375251 375439
375999 376574
377182 379553
380984 382573
383515 384802
385457 387558
388122 388589
390510 391241
391949 392653
393247 393462
394037 394917
395598 395665
396468 396933
399078 399879
400391 400827
401329 402328
403296 403784
404406 405712
406378 406771
407330 407502
408200 408742
409742 411303
411742 412248
413079 413289
413945 416206
416715 417353
417893 418551
425337 427548
428802 429524
430025 430112
430876 431423
431545 434509
435017 435935
436348 436801
437468 439548
440096 443522
444261 445483
446546 449013
449270 449806
450996 452390
452963 453472
454483 456132
457323 457962
459439 460035
461040 461213
462432 463006
463671 465693
466289 466498
467007 467950
468489 471494
473544 474471
474596 475028
475658 475966
476618 478022
478675 478932
479459 479611
479921 481839
482356 483033
483716 484601
485154 485465
486009 488657
490216 490346
491739 493980
495536 496476
497012 498104
500321 500618
501808 504391
505214 505882
506212 506315
507211 507892
509930 512286
512886 512969
513493 514988
515663 516753
517549 520741
521398 522262
523399 526371
527100 528017
528696 530513
531101 533443
533798 534081
535816 538784
539445 539598
539944 545091
545763 546641
547178 547466
548058 551275
551870 551941
552107 552433
553503 553709
554467 557159
558140 558576
559138 559607
560262 561003
562360 563061
564073 564752
565961 568587
569374 571436
572184 572539
574464 575516
576039 579499
579590 581252
581611 582629
583420 584237
584951 585546
586096 586807
587336 587547
588092 588410
588922 590111
591140 591272
592059 594645
596608 596878
598105 598222
599175 603200
603709 603794
604603 604790
605174 605338
606249 612175
613247 614179
614747 615479
616311 619819
620320 620922
621456 623772
624457 626678
627194 627928
628993 629691
631153 631274
631805 632187
632797 634788
635353 636953
637991 638341
638935 639004
639901 640051
640697 642807
643404 643851
644900 648017
648682 652790
653588 653752
654569 656572
657371 663067
663342 665168
665441 666136
666976 668513
669033 669277
669972 670541
670950 671768
672609 676584
677289 680068
681676 682602
683310 684742
685271 685330
686335 688083
688497 689574
690648 691044
691617 695925
696463 696638
697546 698840
699357 700323
702119 702559
703236 703512
704139 706737
707303 707838
708378 708557
709077 709832
710462 710568
711072 712213
713184 714343
718015 722237
722878 726540
726940 727086
727889 727975
728861 730831
731655 732344
733022 734572
735572 736793
739060 739935
740456 742605
742811 742994
744042 744331
745272 747760
748577 750874
752350 755487
756022 757043
758147 758330
758889 759835
760469 761594
762861 762990
763533 764650
765492 767177
767978 768530
769265 769394
769900 770261
771048 773651
775283 775469
777869 777996
780065 781430
781954 782183
783032 783206
784363 784583
785148 785408
786244 787105
787790 788869
789399 790626
791227 793221
793969 795874
796015 796393
797251 798266
798991 799164
799288 799691
800873 801014
802501 802621
803153 804264
804773 805965
807109 808840
809357 809581
810114 810796
811324 811689
812210 813003
813750 814642
815046 815387
816348 817382
817889 818264
819022 819891
820404 820869
821385 824685
825201 825498
825790 827091
827217 827632
828145 829318
829819 833477
834097 834489
835041 836481
837157 842202
844242 845024
845576 848902
849239 850696
851775 853677
855289 856521
857251 857743
858388 858938
860020 860150
861243 861297
862092 862188
862924 864982
865713 865896
866916 868292
868821 869377
870245 870862
871795 874518
875160 875995
876873 877111
877501 878531
880254 880635
881980 882056
882775 884801
885430 886463
887093 887892
888749 890155
890814 892664
895247 895716
896326 896385
896566 900389
901021 901838
903437 905938
907429 908094
908715 909688
910517 912505
912973 913269
913846 914947
915622 918285
918758 922014
922726 924160
925706 926510
927110 929628
930346 930890
931518 931849
932981 934009
934705 938794
938925 939036
939165 940958
941683 942096
942916 943543
944167 945085
945699 947636
948250 949798
950843 952105
952590 952840
953638 953973
955293 958344
959127 959377
959960 961120
962529 965473
966170 966295
967147 967898
968667 968833
969628 970265
970675 970727
971672 971748
972378 972991
973557 973999
974392 974899
975606 976866
977377 978420
979013 981344
983312 984954
985581 987819
990590 993343
993889 996815
997149 997871
999036 999165
1001458 1002558
1003008 1003131
1003484 1003589
1004281 1004689
1005342 1007257
1007832 1009711
1010299 1012766
1013476 1015617
1015913 1016457
1017308 1017732
1018253 1018605
1019188 1019595
1020135 1021444
1022120 1022939
1023624 1024236
1025379 1025968
1027101 1030085
1031140 1031580
1031814 1032805
1033324 1033521
1034145 1034697
1035386 1036549
1037222 1038250
1038641 1039255
1039985 1041523
1042098 1042977
1043830 1044484
1045830 1048735
1049546 1050146
1051718 1052299
1053400 1053997
1054953 1058485
1058796 1058927
1059466 1062125
1063014 1064171
1064870 1066890
1067992 1069074
1071023 1071426
1072015 1072170
1072686 1073504
1075793 1076616
1076920 1077335
1080207 1080932
1082071 1083436
1083627 1084059
1084208 1085490
1086198 1086914
1087699 1088570
1089269 1091385
1092725 1093217
1094032 1094087
1094586 1096141
1097662 1098836
1099364 1099626
1101597 1101957
1104066 1106136
1106711 1106978
1107532 1108947
1109209 1109987
1110945 1111097
1111683 1111930
1112240 1112509
1113049 1113379
1113917 1114821
1116065 1116560
1117226 1118526
1119384 1119613
1121878 1122191
1122812 1123733
1123908 1127243
1129423 1130710
1131580 1133392
1134554 1135522
1136015 1138028
1139829 1139977
1140482 1141284
1143105 1143832
1144532 1145179
1145653 1145924
1146622 1146833
1148289 1148951
1150986 1152215
1152747 1155287
1155637 1155882
1156302 1158423
1159076 1159347
1159504 1160925
1160997 1161289
1162079 1162880
1163382 1163792
1164796 1164886
1165481 1166978
1167604 1168871
1169783 1170558
1171170 1175152
1175702 1178453
1179056 1180292
1180985 1181666
1182622 1183017
1184558 1185322
1186131 1187279
1189104 1189439
1190230 1192043
1192713 1192878
1193270 1194538
1194820 1195524
1196316 1198800
1199466 1201340
1201974 1203446
1204137 1205271
1205930 1208179
1208609 1210872
1211429 1212242
1213414 1213825
1214885 1218849
1219694 1220167
1221522 1225556
1226772 1227092
1227683 1228029
1228533 1229872
1230521 1230754
1231456 1231620
1232973 1233829
1234869 1235871
1236958 1238147
1239481 1239999
1240858 1242152
1242714 1243682
1244320 1244500
1245189 1249177
1251251 1253175
1253887 1254872
1255099 1255515
1256838 1257108
1257380 1259674
1260437 1260646
1261167 1261497
1262676 1262887
1264443 1267204
1268198 1269374
1269977 1272006
1272301 1274251
1275774 1278029
1278560 1284880
1285618 1289461
1289749 1289953
1290609 1291642
1293655 1293994
1294502 1294714
1295228 1295583
1296371 1299744
1301410 1302361
1302979 1306315
1308131 1309028
1309528 1310930
1312530 1317268
1318436 1319627
1320332 1322124
1323431 1326261
1327470 1327960
1328562 1328707
1328896 1329432
1330042 1330621
1331422 1334584
1335378 1337133
1338504 1339026
1339529 1339673
1340815 1341059
1341565 1345038
1345761 1349273
1349894 1351528
1352045 1352299
1352833 1353413
1354175 1354706
1355104 1356054
1356732 1358137
1358683 1359171
1360982 1361637
1362122 1362657
1363485 1367977
1368298 1368869
1368956 1369942
1370516 1372226
1373068 1373998
1374638 1374819
1375426 1375784
1376680 1377601
1378275 1379021
1379574 1383059
1383737 1383793
1384980 1385114
1385933 1387369
1388497 1388780
1389203 1390390
1390862 1392898
1393601 1394783
1396611 1398046
1400114 1401061
1404427 1405213
1405735 1408293
1408843 1409865
1410102 1410975
1412630 1416562
1417525 1419977
1420505 1420708
1420947 1421821
1422151 1424344
1425226 1426318
1426603 1427874
1428512 1429247
1429525 1430686
1431499 1433032
1433733 1433884
1434468 1435131
1436709 1436761
1438103 1445088
1446265 1447833
1448413 1449225
1449529 1450204
1450770 1450939
1451478 1451906
1452481 1455350
1455872 1457366
1458242 1459415
1459844 1459911
1460423 1462824
1464058 1464539
1465042 1466111
1466672 1467770
1470172 1470230
1471032 1471560
1472240 1473892
1474500 1474582
1475548 1475854
1476383 1477264
1477951 1480036
1480909 1481567
1482543 1482876
1484485 1484587
1485145 1485700
1486298 1487770
1489524 1492601
1493178 1493553
1494104 1494190
1494530 1494706
1495417 1495710
1496568 1496824
1497701 1498259
1498924 1501677
1502443 1503531
1503800 1505017
1505555 1506627
1507614 1509760
1510259 1510986
1511872 1512119
1512933 1513422
1514048 1515020
1515526 1515700
1517941 1519148
1519872 1520608
1521127 1522887
1523959 1524441
1525674 1525898
1526404 1528564
1530311 1532046
1532483 1534949
1535667 1536173
1537592 1538315
1539482 1539839
1540379 1542727
1543592 1543758
1544703 1546133
1546489 1547100
1548273 1549702
1551031 1551139
1551573 1553164
1553749 1554545
1555073 1555207
1563371 1568269
1568873 1569138
1569997 1570253
1570651 1572724
1573457 1575436
1576588 1578350
1578721 1582509
1583069 1584268
1584822 1584931
1587397 1587576
1588219 1588649
1589780 1593015
1593580 1593682
1594271 1594324
1595307 1596588
1597484 1599942
1600097 1601302
1602070 1603492
1604211 1605695
1606211 1608177
1609148 1609239
1609684 1610829
1611545 1612268
1613968 1618154
1619762 1621567
1622708 1626594
1627382 1628283
1628951 1630780
1631346 1635652
1636571 1636874
1637453 1640361
1641317 1642038
1644397 1644970
1645521 1649860
1651193 1652374
1652925 1656336
1657025 1657984
1658929 1660146
1660719 1660970
1661776 1662297
1663677 1664993
1665892 1666177
1666678 1667627
1668363 1669199
1669748 1670789
1670900 1671438
1671976 1672055
1672559 1673130
1673651 1674976
1675950 1676250
1676881 1677270
1677742 1678289
1679006 1679513
1680997 1681427
1682339 1683543
1684359 1687481
1688230 1688522
1689157 1690738
1691337 1693213
1693842 1695271
1696353 1697868
1698020 1698503
1698866 1699948
1700735 1701500
1702172 1703091
1703654 1706456
1706594 1706865
1707510 1708979
1709497 1709629
1710440 1710632
1711160 1712525
1713119 1714013
1714599 1716723
1717890 1718823
1719404 1722058
1722603 1723117
1724235 1725722
1726386 1729566
1730232 1730445
1731389 1732608
1734129 1734246
1734760 1734945
1735574 1737161
1738312 1739207
1739668 1739901
1740549 1741913
1742883 1743031
1743799 1743948
1744534 1745119
1745758 1746112
1746613 1749797
1750864 1751944
1752791 1753115
1753718 1756330
1758040 1762977
1763173 1763813
1764656 1767827
1768450 1770061
1770880 1771913
1773186 1773641
1773831 1777034
1777866 1779611
1780110 1780484
1780991 1781401
1782349 1784174
1784703 1785180
1786253 1786944
1787684 1787909
1788533 1791700
1792251 1792367
1793161 1795182
1796451 1797451
1797958 1798755
1799287 1800556
1800990 1801147
1801770 1802505
1803825 1803980
1804595 1805397
1806209 1806267
1806812 1808345
1809136 1809727
1810244 1811312
1812347 1813110
1813786 1814129
1814988 1815305
1816038 1816339
1816758 1817235
1817737 1819100
1819341 1820033
1820935 1821221
1822279 1823152
1824327 1824726
1825357 1827253
1828519 1828950
1829688 1831086
1832091 1832164
1832792 1833095
1833967 1834473
1835145 1836312
1837032 1838710
1839823 1841484
1842199 1842259
1842506 1842666
1843550 1844723
1845702 1845958
1846476 1847273
1847943 1848144
1848674 1849840
1850792 1851803
1852508 1854066
1854605 1855956
1856652 1857326
1858334 1859420
1859986 1861056
1861783 1863033
1864176 1864947
1865496 1865721
1866231 1866436
1868638 1868706
1869283 1869378
1870240 1871010
1871815 1872143
1872675 1875395
1876474 1877947
1878557 1878654
1879293 1879368
1880406 1881657
1881982 1882035
1882419 1882715
1884656 1885407
1885882 1886321
1886875 1887462
1888030 1891153
1892138 1892539
1893588 1894869
1895715 1896085
1896755 1897551
1898154 1898573
1899241 1901020
1902161 1906084
1906352 1906457
1907052 1912700
1913629 1913718
1914317 1914769
1915311 1915400
1915978 1917608
1918345 1920221
1920975 1921039
1922512 1923109
1923730 1923860
1924387 1924745
1925307 1926967
1927856 1929402
1930300 1931098
1932031 1932294
1932901 1933522
1934944 1936846
1937650 1938828
1939450 1939594
1941211 1942314
1943818 1944661
1944818 1946014
1946530 1946886
1947626 1947770
1948345 1948476
1949124 1952424
1953225 1953353
1954360 1956586
1957094 1958610
1961572 1961915
1962455 1964479
1964996 1965554
1966412 1967019
1967614 1968524
1969077 1969456
1970517 1971089
1971360 1971521
1971701 1972066
1972762 1973196
1973518 1974135
1976198 1976587
1977165 1977811
1978500 1978878
1979599 1980325
1981279 1984917
1985053 1988181
1988847 1989601
1990763 1991248
1991928 1995299
1996718 1997874
1998459 1999089
2001584 2002411
2002920 2003701
2004322 2004449
2004649 2005165
2005965 2006478
2007227 2007497
2008233 2009010
2009620 2009751
2010705 2012078
2012869 2015115
2015702 2015760
2016319 2018475
2019740 2020354
2020886 2021075
2021663 2024629
2025440 2029523
2029931 2032194
2033183 2033424
2034241 2034505
2035012 2035373
2035894 2036478
2037123 2038192
2038535 2039946
2040320 2041944
2042247 2042498
2043187 2044033
2045779 2046293
2047164 2047729
2049527 2051240
2051836 2054696
2055076 2056211
2056545 2056869
2057439 2057571
2058808 2060654
2061214 2062366
2062924 2063015
2063623 2064019
2065211 2066696
2068045 2068288
2068416 2068769
2068858 2072407
2073374 2075466
2076185 2077008
2077571 2078122
2078314 2078478
2078910 2079050
2079361 2080907
2081427 2082174
2082798 2083739
2084373 2084798
2085404 2085536
2085730 2090364
2090927 2092110
2093308 2094736
2095790 2096014
2096754 2096935
2097908 2098109
2098722 2099832
2100028 2101853
2102063 2102458
2103367 2104078
2105245 2105772
2106625 2107684
2108347 2109909
2110476 2111106
2112186 2112381
2113127 2116333
2117609 2118192
2118704 2119303
2119826 2121431
2122206 2122343
2122862 2123714
2124124 2126243
2127017 2130673
2131388 2133065
2133256 2134205
2134833 2135026
2135454 2135788
2136585 2138343
2139066 2140529
2141566 2141967
2142631 2143065
2143571 2143919
2144628 2146039
2146562 2146722
2147977 2148215
2149411 2151270
2152041 2153662
2156821 2157126
2157446 2159489
2160132 2162237
2162838 2165610
2165795 2167679
2168293 2168972
2169752 2171683
2172375 2174112
2175352 2175868
2176381 2177970
2178494 2179016
2179816 2181123
2181981 2182802
2183503 2184039
2184813 2186690
2186866 2188700
2188807 2191330
2192507 2192917
2193427 2194190
2194744 2195664
2196213 2198916
2201252 2201831
2202347 2202985
2203695 2204196
2205019 2208155
2208767 2209425
2210832 2213481
2214116 2214259
2214858 2218137
2219416 2220046
2220620 2221121
2221649 2223409
2224998 2226761
2228229 2228638
2229163 2229330
2230432 2230793
2231824 2232512
2233042 2236686
2237275 2237782
2238296 2239220
2239755 2239864
2240814 2241312
2241848 2242232
2244847 2245388
2245720 2246407
2246838 2246982
2247538 2248540
2249874 2252354
2252903 2254897
2256475 2256840
2257382 2261057
2263181 2263254
2263383 2264218
2266089 2267409
2267542 2268888
2269982 2270440
2272239 2272905
2273922 2274316
2275728 2275972
2276249 2276704
2277434 2277869
2278269 2279321
2280082 2280277
2280930 2283304
2284986 2285484
2286034 2287530
2288031 2288221
2288908 2291246
2291766 2292002
2292631 2293947
2294487 2295126
2296012 2296176
2296814 2298687
2299222 2299927
2300442 2305358
2306304 2306594
2307215 2311240
2312163 2313314
2314030 2322498
2323312 2325151
2326057 2326822
2326932 2328567
2329170 2331911
2332470 2332935
2334472 2334711
2335073 2335745
2336290 2340083
2341304 2343169
2344779 2345181
2346119 2347509
2347734 2349911
2350453 2351964
2352613 2353490
2354293 2357115
2357754 2357932
2358957 2359343
2359962 2362573
2363440 2363630
2364811 2366193
2366693 2367905
2368837 2370207
2370839 2372011
2372584 2372917
2374066 2375598
2376285 2376632
2378369 2378648
2379312 2380381
2380619 2381690
2382193 2382968
2384029 2384961
2385468 2385827
2386270 2387710
2388303 2389244
2389965 2390524
2391043 2391874
2392293 2392903
2393498 2394052
2395458 2396361
2397065 2397751
2398722 2400359
2401080 2403104
2403538 2404774
2405318 2407002
2407111 2408581
2409216 2409363
2410201 2410349
2411075 2411397
2411936 2412690
2413588 2415824
2416424 2419148
2420346 2422877
2423211 2423448
2423568 2424500
2425104 2425266
2425923 2432041
2433760 2434459
2434981 2435046
2435562 2437619
2438421 2439399
2439973 2440951
2441499 2443476
2444024 2444748
2446324 2446577
2447602 2448061
2448607 2449187
2449690 2450249
2451250 2451423
2452216 2453806
2454540 2454795
2455357 2455626
2458092 2460717
2461231 2461325
2462350 2463498
2464139 2464544
2465161 2466559
2467376 2469056
2469659 2469715
2470492 2470601
2472264 2473942
2475034 2476726
2477394 2477701
2478445 2478935
2480068 2480503
2481817 2482085
2482593 2483456
2484038 2485228
2486519 2487175
2487988 2488821
2489162 2489987
2490638 2490932
2491800 2492733
2493396 2494098
2495561 2496656
2497326 2497828
2498585 2499015
2499582 2499670
2500196 2501097
