ENA|CP001628|CP001628.1_Micrococcus_luteus_NCTC_2665__complete_genome.
45433 48152
55588 59079
210474 210828
227252 228213
335776 336737
339266 340385
368938 369776
511001 512120
534569 535688
592500 593263
609143 609197
704364 705431
711766 712580
715093 716409
987972 989147
1102796 1103915
1123964 1126941
1303185 1304146
1312975 1314258
1559171 1566527
1573679 1574730
1615599 1616223
1633535 1634225
1756732 1759615
1762819 1763169
1764656 1765420
1909001 1909184
1959750 1960929
2124918 2126149
2211578 2212809
2218881 2219644
2225485 2226446
2304051 2304405
2337679 2338369
2382287 2383522
2462699 2463022
