ENA|CP001628|CP001628.1_Micrococcus_luteus_NCTC_2665__complete_genome.
31058 31602
45433 48152
210543 210851
227252 228018
335971 336823
339243 340392
369013 370060
421195 425224
511001 512142
534546 535706
577328 577534
704396 705431
1102795 1103936
1124147 1125152
1126742 1127085
1283274 1284506
1303185 1304286
1312530 1314308
1524627 1525164
1563371 1566532
1573656 1574799
1615534 1616223
1623505 1624194
1633535 1633858
1642862 1643559
1670982 1671065
1756795 1759687
1763173 1765480
1959750 1960926
1993611 1994616
2218881 2219968
2225680 2226446
2253448 2254699
2303644 2304091
2382273 2383518
2462744 2463388
