ENA|CP001628|CP001628.1_Micrococcus_luteus_NCTC_2665__complete_genome.
1 59
45284 48301
57758 59129
210226 210900
227103 228373
335436 336890
339193 340435
344696 345182
368864 370134
510951 512193
534462 535738
592350 593634
704314 705594
711376 712214
1078169 1079210
1102746 1103988
1123985 1126678
1283277 1284554
1303035 1304212
1312530 1314407
1558230 1564766
1573584 1574848
1615484 1616273
1623455 1624244
1633601 1634274
1642831 1643620
1756824 1759681
1762769 1763169
1959700 1961004
1993495 1994778
2124868 2126182
2211528 2212860
2218730 2220002
2225419 2226596
2254827 2256397
2265721 2265907
2303548 2304748
2337630 2338303
2382236 2383568
2462648 2463438
