ENA|CP001628|CP001628.1_Micrococcus_luteus_NCTC_2665__complete_genome.
1 5069
5755 11264
11772 35497
36013 37908
38408 52306
53922 55429
57122 57716
59571 65384
66004 73919
74452 89259
89977 108589
109554 130529
131055 183072
183616 192964
193461 195652
196156 221053
221585 225594
225888 236553
236837 252196
252786 260260
260778 262924
263487 279697
279885 281178
281834 282989
283445 298053
298687 298884
299538 311419
311627 313332
313955 339115
340755 346400
347238 396722
397183 409113
409342 416523
416918 419927
420666 422518
423709 439206
439344 439948
440461 449965
450158 454461
454701 463182
463381 463466
463950 489951
490562 526794
527372 532290
533319 544904
545245 570232
570757 576458
577706 610693
611098 612997
613228 620692
621199 655407
655750 689601
689690 705650
706189 714630
715812 737752
738328 755032
755634 779533
780380 795136
795661 811621
812154 829647
830235 861734
862467 866671
867274 871534
871795 880762
881323 882220
882721 918158
919474 921280
921861 986983
987627 987819
989352 1012277
1012967 1030139
1030789 1048518
1049069 1049373
1049925 1070238
1070752 1078631
1079582 1088877
1089484 1125341
1126853 1127311
1128750 1154199
1154752 1198624
1198777 1213388
1213952 1222276
1222790 1270749
1271317 1283064
1284632 1287213
1287400 1302957
1304768 1310116
1310616 1310959
1312097 1329927
1330516 1333945
1334036 1348590
1349331 1374597
1375241 1378365
1378862 1390919
1391503 1395146
1395757 1456988
1457498 1470998
1471537 1473794
1474353 1487545
1488157 1495920
1496424 1513559
1514200 1546776
1547284 1557651
1560084 1562002
1563404 1565975
1566649 1578699
1578845 1596912
1597311 1604618
1604928 1651124
1651700 1669521
1670127 1677390
1677728 1679987
1680506 1688463
1689184 1706397
1706847 1711029
1711572 1713315
1713835 1727000
1727142 1751867
1752447 1756251
1758040 1763169
1764704 1775288
1775398 1793843
1794351 1847786
1848429 1861410
1862072 1876937
1877605 1882483
1883008 1886328
1887283 1890202
1890831 1901799
1902119 1902895
1903096 1906186
1906273 1913310
1913782 1917665
1918220 1919871
1920398 1989677
1990567 1990791
1991314 2001748
2002284 2009201
2009368 2026859
2027387 2030060
2030436 2045833
2045937 2071839
2072580 2090983
2091500 2107250
2107789 2142024
2142629 2142846
2143366 2177078
2177666 2180383
2180894 2181378
2181753 2185935
2186120 2192998
2193513 2202665
2203440 2211174
2213514 2214672
2215301 2220475
2221054 2233335
2234488 2248547
2249079 2253320
2254925 2255854
2256726 2258677
2259198 2280790
2281323 2294543
2295067 2315796
2316343 2325855
2326431 2328913
2329947 2332942
2333470 2347439
2347535 2363303
2363697 2374660
2374952 2381251
2381398 2393231
2393768 2419793
2420501 2462552
2463520 2465740
2466261 2467637
2468319 2500093
2500768 2501097
