ENA|CP001628|CP001628.1_Micrococcus_luteus_NCTC_2665__complete_genome.
31083 31248
45334 48251
80274 80384
227180 228018
335776 336855
339243 340392
368914 369779
419429 425101
511001 512143
534546 535688
576740 577091
592400 592976
704505 705497
711685 712580
1102795 1103962
1125342 1126741
1283327 1284534
1303142 1304146
1311233 1312375
1313316 1314258
1345736 1345899
1563371 1564766
1573656 1574799
1615562 1616223
1623508 1623828
1633535 1633858
1642839 1643204
1756751 1759615
1764657 1765480
1959752 1960929
1993564 1994775
2124918 2126099
2199652 2200788
2211578 2212810
2218780 2219647
2225448 2226446
2254827 2254977
2338046 2338369
2382286 2383518
2386528 2386611
2462728 2463022
