ENA|CP001628|CP001628.1_Micrococcus_luteus_NCTC_2665__complete_genome.
45284 46460
47690 48301
57857 59135
210518 210900
227103 228374
335651 336890
339193 340442
344624 344936
368864 370134
419379 421117
510951 512193
534509 535738
576938 577250
592350 592962
704314 705594
712114 712214
712752 713070
715043 716520
1102745 1103988
1123985 1125341
1283277 1284572
1303035 1303647
1313137 1314407
1558495 1558809
1563371 1564766
1573600 1574849
1615484 1615866
1623862 1624268
1633892 1634274
1642831 1643620
1756745 1759116
1762757 1763169
1908310 1909277
1959702 1960979
1993498 1994778
2124847 2126199
2211528 2212860
2218730 2220002
2225984 2226596
2253398 2254749
2255650 2256397
2303829 2304406
2333067 2334347
2337630 2338012
2382237 2383568
2463056 2463438
