ENA|CP001628|CP001628.1_Micrococcus_luteus_NCTC_2665__complete_genome.
1 30958
32504 42105
42569 46802
48380 52301
53743 54712
55110 55304
57028 57999
59409 61008
61538 70753
70896 80146
80652 92006
92180 92324
92987 101002
101086 128423
129111 150973
151476 209702
210983 240087
240387 266740
267177 282164
282268 343724
344221 349130
349851 376161
376765 387496
387580 419242
420894 421200
423662 435912
436014 445721
446290 474848
475552 488938
489597 501491
502033 503550
504128 512253
512775 524771
525484 529024
529528 530711
531090 532187
532846 536496
537206 540023
540176 545547
545835 574760
575594 579598
580111 607375
608057 610355
610809 640528
640656 686377
686480 690376
690835 708973
709119 717098
717596 717903
718428 722811
723372 738127
738769 754307
754707 821541
821884 822853
823685 826373
826683 826840
827058 841031
841568 866606
867001 884632
884857 889322
889820 894016
894461 904931
905120 909322
909525 963975
964587 981376
981907 990351
991004 1028085
1028362 1039130
1039404 1040930
1041238 1051838
1052039 1053102
1053355 1054006
1054279 1057372
1057991 1087677
1088219 1088402
1089070 1091127
1091712 1116411
1116877 1123872
1125958 1127083
1127342 1167433
1167961 1175617
1176170 1179579
1180252 1181876
1182435 1199310
1199851 1209679
1210206 1213763
1214576 1223375
1223626 1229869
1230448 1252443
1252953 1255652
1256223 1263337
1264010 1265016
1265473 1277249
1277996 1283033
1283840 1283922
1284699 1298881
1299110 1320825
1321138 1344782
1345463 1347529
1348203 1354077
1354629 1362224
1362779 1370950
1371258 1392512
1393095 1406674
1407217 1425107
1425608 1439449
1439635 1444166
1444495 1447841
1448217 1456056
1456248 1465412
1465962 1467115
1467674 1493491
1494054 1524398
1525152 1558041
1560414 1568199
1568741 1589310
1589871 1613827
1614388 1623377
1624350 1664895
1665120 1696905
1697377 1723046
1723414 1726417
1726689 1732754
1733450 1739315
1739827 1741361
1741930 1752078
1752600 1762948
1764659 1772905
1773433 1782380
1782879 1787444
1787536 1788663
1789105 1806306
1806965 1814888
1815176 1820642
1821149 1821306
1821820 1855770
1856281 1858812
1859131 1870785
1870857 1873983
1874661 1882706
1882784 1885007
1885532 1887754
1888458 1908111
1909268 1920210
1920461 1947671
1948286 1963586
1964273 1980453
1981004 2012549
2013104 2030080
2030209 2068670
2069125 2073327
2073901 2079666
2080221 2113102
2113761 2130277
2130807 2163130
2163894 2168495
2168746 2171639
2172186 2198892
2199428 2233733
2236041 2252354
2252896 2256195
2256753 2265348
2266089 2289223
2289361 2310140
2310693 2317330
2317901 2332935
2334216 2336345
2337377 2339953
2340104 2366137
2366706 2368209
2368426 2370190
2370615 2382104
2383647 2403487
2403894 2407545
2408182 2412394
2412928 2462083
2462591 2501097
