ENA|CP001628|CP001628.1_Micrococcus_luteus_NCTC_2665__complete_genome.
27824 27888
45433 48152
227252 228213
335776 336737
339215 340417
361918 361992
369013 370107
419442 421185
511001 512143
534546 535688
577256 577533
704343 705543
711489 712213
715093 716467
1102781 1103939
1124006 1126833
1283327 1284504
1303185 1304217
1312530 1314258
1528993 1530031
1558280 1564640
1573656 1574798
1591692 1591760
1615492 1616223
1623505 1624160
1633535 1634225
1642858 1643571
1756874 1759615
1764656 1765480
1959752 1960929
2124918 2126149
2199408 2200852
2211578 2212758
2225485 2226446
2303598 2304356
2337679 2338369
2382287 2383518
2462699 2463389
2501027 2501097
