ENA|CP001628|CP001628.1_Micrococcus_luteus_NCTC_2665__complete_genome.
31054 31602
45334 48248
56936 59079
210230 210484
227792 228168
285190 285248
336325 336849
339243 340386
344686 345146
368914 370085
511001 512143
534546 535656
592382 592912
711399 712994
1102796 1103938
1124061 1127311
1283327 1284504
1303086 1303597
1312530 1312606
1313240 1314357
1524634 1525168
1528993 1530113
1558252 1566532
1573604 1574799
1615514 1615772
1623956 1624196
1633534 1634225
1643332 1643571
1756733 1759066
1959722 1960954
1993548 1994667
2124918 2126149
2211578 2212767
2218782 2219964
2226034 2226446
2254827 2255530
2303598 2304460
2382287 2383518
