ENA|CP001628|CP001628.1_Micrococcus_luteus_NCTC_2665__complete_genome.
1 79
31326 31602
45284 46249
47336 48301
105893 106153
210789 210900
227103 228068
335921 336890
339193 340442
344284 345077
368864 370134
510951 512205
534496 535738
576657 576719
577328 577619
592350 592962
704314 704377
712288 712403
714850 716875
1102745 1103988
1105932 1106324
1123985 1125341
1127312 1128634
1283277 1284554
1303035 1304001
1313442 1314407
1528943 1530081
1558495 1566582
1573606 1574849
1615484 1616883
1624133 1624246
1633485 1634274
1756824 1757969
1758505 1759470
1762769 1763169
1764656 1765327
1908191 1909259
1959700 1961004
1993557 1994778
2124868 2126199
2199602 2200874
2211528 2212859
2218730 2220002
2225630 2226596
2253398 2254749
2255608 2256397
2303688 2304141
2333076 2334347
2382237 2383568
2462649 2463440
