ENA|CP001628|CP001628.1_Micrococcus_luteus_NCTC_2665__complete_genome.
31115 31602
45284 46554
47125 48301
210508 210900
227103 228279
335710 336917
339193 340442
344642 344756
368864 370134
419324 425222
510951 512193
534496 535738
576938 577619
592350 592962
704314 705593
711350 712977
715043 716508
1078599 1079099
1102745 1103988
1105260 1105854
1125201 1125341
1127312 1128634
1283277 1284556
1303036 1304212
1311154 1312425
1313231 1314408
1528942 1530081
1563371 1564766
1573606 1574849
1623559 1624244
1633589 1634274
1642935 1643620
1756824 1757962
1758505 1759681
1762769 1763169
1765405 1765530
1908907 1909259
1959702 1960979
1993499 1994778
2124868 2126199
2199580 2200874
2211528 2212860
2218731 2220002
2225419 2226596
2253398 2254749
2255608 2256411
2303548 2304510
2337630 2338315
2382237 2383568
2462753 2463438
