ENA|CP001628|CP001628.1_Micrococcus_luteus_NCTC_2665__complete_genome.
1 49227
49771 54926
55452 55958
56772 57780
58010 58552
59121 59182
59492 63195
63743 67191
67757 74660
75311 75762
76331 87903
88112 97781
98334 127234
127579 140092
140630 172655
173226 204690
205074 239821
240124 240181
240413 256128
256720 269684
270184 294355
294999 335531
337259 412568
413087 419716
420736 421513
422104 423477
425355 436189
436280 444058
444645 452422
453079 492752
493301 510872
512520 515320
515561 576012
577673 587248
587818 596830
597357 623264
623844 641667
642170 642308
642870 654384
654495 714765
715292 716110
717256 727865
728211 733850
734621 754124
754642 761725
761853 799866
800096 822065
822644 822721
823139 830195
830526 853132
853612 861746
861943 893098
893403 900985
901541 925566
926121 926536
926874 935930
936067 936188
937000 946381
946528 968231
968376 973833
974437 976464
976652 976705
977302 978512
978694 981083
981683 988615
989349 1062824
1063262 1095773
1096292 1102637
1104074 1108728
1108938 1109239
1109755 1123872
1126035 1126132
1126684 1156867
1157381 1168393
1169078 1199732
1200178 1207504
1207999 1223936
1224446 1236883
1237410 1241336
1242063 1253531
1254049 1256150
1256651 1259253
1259883 1283092
1283817 1311047
1311731 1336464
1337057 1360558
1361155 1363782
1364237 1411336
1411835 1412949
1413168 1417738
1418313 1463011
1463570 1464955
1465271 1468586
1468752 1490323
1490635 1499490
1499866 1526625
1526991 1547525
1548266 1552979
1553382 1561669
1562375 1575759
1576291 1585272
1585939 1623322
1624324 1659515
1659990 1664889
1665111 1665410
1665769 1668555
1668893 1672645
1673182 1681222
1681736 1706042
1706559 1709474
1710073 1756564
1758040 1760968
1761558 1763169
1764709 1774555
1775069 1779903
1780595 1792660
1793159 1793609
1793731 1819935
1820478 1864681
1865035 1866344
1866847 1879394
1879897 1895934
1896027 1908741
1909528 1913347
1913782 1926593
1927143 1927759
1928581 1931348
1931935 1935181
1935382 1958823
1959493 1973126
1973218 1979559
1979776 1992619
1993119 2000097
2000619 2007831
2008230 2065861
2066055 2074480
2075033 2086223
2086738 2087933
2088458 2100982
2101542 2101646
2102157 2109456
2110044 2110556
2110854 2115031
2115179 2121104
2121657 2144485
2144623 2147016
2147523 2189850
2190312 2207185
2207743 2211340
2212938 2224994
2226678 2246160
2246684 2255542
2256506 2278098
2278269 2290904
2291180 2327262
2327842 2331053
2331564 2332939
2333747 2340424
2340983 2347439
2347527 2369216
2369837 2378791
2378970 2414380
2414631 2462571
2463554 2483452
2484066 2488808
2489162 2501097
