ENA|CP001628|CP001628.1_Micrococcus_luteus_NCTC_2665__complete_genome.
31061 32252
45433 48152
56936 57779
90178 90261
227252 227664
335776 336738
339243 340392
369013 369425
511001 512144
534546 535688
576707 577465
592400 593571
704505 705548
711399 712214
715093 716362
1102795 1103938
1105932 1106274
1124147 1127311
1283327 1284504
1303185 1304146
1312530 1313718
1558280 1566532
1573650 1574799
1615534 1616223
1623505 1624195
1633534 1634225
1642881 1643570
1756874 1759615
1959752 1960954
1993549 1994616
2124918 2126149
2211578 2212809
2218881 2219952
2225485 2226452
2254827 2255530
2304051 2304356
2337679 2338370
2382287 2383518
2462699 2463389
2501003 2501097
