ENA|CP001628|CP001628.1_Micrococcus_luteus_NCTC_2665__complete_genome.
1 577
1269 3762
4094 8969
9893 10482
10642 10807
13791 14423
15216 16194
16786 17307
18090 19883
20919 21406
21917 23067
23960 24155
24682 25888
26535 26841
27467 27922
29019 29298
29537 29817
30517 31602
32369 32814
33394 34227
34754 35173
36051 36938
37672 37779
38354 38673
39057 40826
42014 43234
44049 44283
44830 48566
49086 50438
50947 53671
54231 58450
61208 61333
62564 63477
64036 65553
65970 66075
67107 67302
68499 68638
69150 69952
70383 71237
71777 72660
73637 74620
76272 77299
78030 80170
80675 81215
81781 81919
82176 82782
83447 86183
86748 90095
90859 91787
92061 92188
92970 94887
96031 98693
99297 99440
100841 102191
102731 103503
104621 105404
105667 105732
106362 107228
107503 111291
111879 113467
114482 114951
115571 116417
117030 119474
120046 121468
122155 122549
123111 124469
125232 125459
126458 127504
127799 127880
128645 129550
130723 130859
132428 135284
136062 140226
140898 141029
141635 142858
144852 145451
146552 148345
149085 150230
151232 152267
152875 154942
155857 156222
157319 160012
161280 161373
161899 162297
162859 165459
167280 167697
168488 170480
171074 172938
174316 174811
175965 176185
176728 177400
177966 178607
179327 181579
183939 184368
185582 186266
186626 186726
187355 187573
187946 188425
188791 189428
189581 189677
190590 190857
192975 193381
194141 194313
194848 195369
195916 197279
197910 198350
199980 200284
200836 201295
201951 206246
207281 208076
208602 208766
209362 211140
213506 215455
215881 217667
218325 219959
220539 221033
221732 221808
222333 222646
224437 224922
225667 225780
226705 229126
230219 230964
231719 232235
233031 233529
234858 235068
235879 236939
237483 237532
239143 241352
242048 243375
244397 244552
245133 246275
246879 247122
247735 250094
250599 251482
252735 253304
253955 254381
255818 256529
257376 257773
260742 261868
262400 263234
264181 264498
265672 266300
266446 266545
266794 268034
268242 268696
269595 270661
271225 271473
272117 273769
274352 274471
274622 275379
276201 276770
277400 278086
279234 279566
280251 281771
282384 283053
283905 284447
285097 285543
286008 288491
289234 290364
290970 292656
293703 294355
294993 297844
298916 299317
299880 301608
302824 303203
304025 305604
306221 307245
308122 311333
312820 314941
315763 319493
320253 321232
321789 328118
328881 329006
330191 330496
332399 332973
333487 337663
338453 339115
342678 346562
347039 347567
348289 349505
349671 350798
351314 353498
354029 354891
355011 356565
357107 357432
359770 360222
360598 361516
363191 365282
365851 366588
367119 368503
368696 371189
372535 373015
373601 373947
374468 374880
376358 378776
381128 381515
382135 382669
383191 384527
385060 385207
386103 388422
389493 392167
393972 394618
396061 396376
397494 397748
398298 399379
399900 401826
402431 403340
403940 404774
405008 405743
406293 406934
407851 408347
408902 409834
410108 411780
413470 414750
414862 416102
417032 419810
421170 427182
427694 428568
428697 429178
429982 430896
431441 432040
432585 432705
433554 435308
436399 437475
438119 440301
441967 442629
443889 444059
444562 447228
447935 449093
450363 450716
451294 452265
452889 454461
455366 455611
456118 457352
459544 460394
461549 462873
463812 464832
465419 467554
468179 468859
469250 469639
470350 470423
471072 472182
472922 473919
474494 474734
475282 475446
476130 476529
477441 478795
479200 480135
481500 481803
482322 483256
483933 484356
485342 486697
487271 487916
488803 490640
490792 491330
491893 493479
494514 495120
495703 496134
496809 498005
498352 498987
499509 500556
500957 502071
503837 506915
507485 508121
508326 508551
508857 509427
510046 512912
513208 514070
515054 516523
516803 517638
518041 518677
519796 520239
520830 522278
523020 523525
524352 524579
525237 526246
526783 527058
527611 529188
530416 533526
534270 536678
537256 538100
539305 539755
540581 542605
543232 543525
545140 547774
548419 548769
549765 552643
553255 553709
554229 554625
555634 556491
557339 559298
559891 559999
560601 562564
563588 564003
564905 565654
566498 568541
569729 573635
575475 575524
576024 578041
579480 580990
581190 584273
584986 585086
585601 586807
587743 587921
589119 589200
589908 593610
594148 594563
595236 595393
596069 597114
597769 597969
598479 602488
603169 604363
605174 606608
608039 608830
609395 609676
610303 613323
614477 614810
616160 616417
617096 617751
618341 619738
621032 621201
621470 622619
623229 624704
625306 626086
626882 627053
627308 627469
628610 628684
629223 629564
629801 630424
631174 632625
633739 635294
636461 636689
637555 642141
642978 644380
644958 647518
648039 648312
648975 650172
650905 651411
652019 652350
652991 654096
654406 654537
655150 655223
655463 655767
657273 658178
659290 660482
660991 661927
662685 663067
664067 664403
664949 665062
665569 666027
666241 666657
667305 667494
668467 668638
669300 670122
670578 671088
672752 673079
674199 674973
675805 679655
680538 681742
682304 682925
683540 683963
684508 685971
687060 687884
688744 689269
689844 690283
691060 691930
692451 695809
696313 698839
699432 700863
702045 704236
706319 706647
707475 707873
710525 712212
714022 715953
716691 720851
720971 721628
723574 725876
726476 727297
729187 729969
730067 730452
730715 731345
733421 734708
735485 736464
736783 737367
738095 738637
739449 740304
740846 741993
742458 744350
745154 747609
747933 749559
750134 751733
752468 753280
753599 753712
754281 754866
755102 755786
756310 756814
757038 758678
759761 764699
765676 767158
767588 769381
770332 771310
772120 773799
774385 775623
775768 778127
778753 778865
779730 779906
780440 780703
781586 781934
782353 782987
783578 784245
784887 786538
787179 787884
788856 789274
789669 790299
791129 792247
793058 794711
795533 796988
798155 799397
799974 800273
801072 802355
802679 803795
804991 805263
805979 806332
806937 809858
810999 811249
811787 816853
817129 820055
822123 826402
828123 829742
830880 832812
833048 833227
833838 834384
835062 836632
837339 839810
840454 840859
841764 842490
843259 845287
845854 847333
848030 850438
851059 852657
853450 854496
855701 856860
857063 858136
859012 859744
860912 861607
862176 862662
863327 863939
864801 867879
868284 868395
869030 869258
870133 870946
871795 872467
873644 873987
874663 886235
887007 889861
890482 890868
891411 892164
892705 894322
896172 897746
898370 900790
901335 902229
903358 904378
905096 906414
907244 908680
908995 909716
910620 910722
911557 912727
913525 914456
915230 915690
917272 917878
918549 918817
919361 920462
921837 924370
925786 926626
927145 927275
928210 929240
929450 935236
936067 936188
937007 937199
937875 938664
939115 939717
940763 942371
943038 943756
945377 945861
946984 947279
947877 948719
949506 949696
950699 951015
951568 953756
954605 954781
955470 955962
956728 957507
958055 959218
960697 964404
965940 967183
967864 968643
969415 969636
970436 971294
972428 972918
973523 973572
974167 974718
975222 976613
977685 978500
979101 979315
981533 982821
984428 985792
990730 992117
993131 993587
994239 994444
995122 996416
997008 997323
997893 998871
999378 999478
1000073 1001844
1002570 1002742
1003008 1005869
1007053 1008255
1008832 1010410
1010958 1012129
1012715 1012936
1014432 1014805
1016407 1017331
1018055 1020833
1021259 1022015
1022499 1024864
1025844 1026715
1027331 1029344
1029895 1031013
1031472 1037481
1038027 1038711
1039325 1040930
1041198 1043934
1044473 1044872
1045377 1047138
1049604 1049884
1050814 1051063
1052856 1054296
1055478 1055752
1056106 1056669
1058063 1058440
1059446 1059641
1060401 1060473
1061020 1061473
1061777 1061893
1062511 1063964
1064774 1065024
1065796 1067151
1067698 1070191
1071053 1073046
1073594 1074000
1074905 1075265
1076797 1076890
1077213 1080685
1081571 1082920
1083460 1083936
1084276 1084666
1085279 1085818
1086830 1088037
1089021 1089277
1089557 1090804
1092297 1092812
1093907 1095589
1096217 1097395
1097543 1098271
1099130 1100322
1101140 1101752
1102516 1106575
1107116 1107558
1107736 1108590
1108938 1109492
1110082 1111058
1111690 1111920
1113029 1114143
1114816 1116491
1117636 1119911
1120635 1122128
1123120 1126978
1128404 1129307
1130856 1131426
1132895 1133294
1133854 1135963
1136733 1137116
1137930 1139640
1141114 1145291
1146008 1146415
1147078 1149977
1150803 1151001
1151668 1151763
1152265 1152902
1153581 1155647
1156184 1156563
1157093 1157584
1158193 1158702
1159619 1161314
1163523 1164993
1165614 1165684
1168163 1168977
1170386 1171069
1171563 1171716
1172234 1172574
1173297 1178290
1179400 1180182
1180992 1181837
1182979 1183475
1186025 1187368
1188779 1189439
1190854 1191736
1192490 1193573
1194668 1195160
1195677 1196008
1197251 1197405
1198062 1199701
1200069 1200156
1200617 1202392
1203325 1203424
1204308 1205029
1205887 1208357
1208923 1209617
1209701 1210211
1210739 1211005
1212431 1213671
1214327 1215079
1215266 1215896
1217069 1217407
1218403 1218830
1220014 1220931
1222363 1225531
1226874 1228194
1228703 1230577
1231391 1231630
1232178 1232342
1234481 1237738
1238740 1239985
1240705 1241682
1242069 1243650
1243958 1244904
1245239 1245474
1246305 1246402
1246933 1247650
1248273 1248710
1249360 1250062
1251424 1252007
1252851 1253045
1253948 1254532
1255600 1255832
1256510 1256857
1257419 1258183
1259130 1261094
1262198 1262521
1263028 1263174
1263901 1265675
1266258 1267130
1268315 1269954
1271732 1273404
1274175 1275428
1275972 1277299
1277970 1278338
1279152 1279362
1279876 1280154
1280559 1282231
1285044 1286162
1286805 1287426
1288261 1288386
1288962 1290118
1290653 1292116
1292854 1292907
1294029 1296084
1296750 1298952
1299469 1302109
1302794 1304484
1304978 1305354
1306015 1306658
1308030 1308977
1309574 1310683
1310964 1311344
1312806 1315854
1316326 1318320
1318901 1320539
1321009 1321351
1321860 1322012
1322572 1322706
1323591 1325850
1326526 1326934
1327446 1330195
1330759 1331184
1332245 1333626
1334617 1334675
1335617 1337909
1339445 1340711
1341966 1342544
1344591 1344703
1345427 1345786
1346277 1346521
1347886 1348084
1348765 1349656
1350508 1352157
1352711 1355204
1355437 1355922
1356036 1356251
1356596 1357088
1357880 1358765
1359636 1359840
1360724 1361637
1362022 1363591
1363805 1364485
1366624 1367133
1370025 1372444
1373008 1373857
1374521 1374903
1376177 1377161
1377309 1377656
1378202 1378459
1379159 1379381
1380713 1381009
1382013 1382699
1384635 1384797
1385476 1386317
1387498 1388812
1389320 1390270
1390886 1392960
1393714 1393882
1394390 1395246
1395936 1396011
1396673 1397246
1397888 1399885
1400471 1400564
1402116 1402452
1403933 1409373
1410011 1411072
1412153 1412613
1412883 1413755
1414336 1414963
1416250 1418175
1419935 1420098
1420657 1420952
1422148 1423609
1424302 1426718
1427259 1428324
1428829 1429753
1430366 1431175
1431698 1431752
1432313 1432625
1433299 1433353
1435161 1435397
1435950 1437402
1438424 1439142
1439883 1441727
1442563 1443129
1444844 1446964
1447616 1447827
1448460 1450245
1451397 1452450
1453173 1454876
1455417 1455982
1456248 1456654
1458441 1459145
1459985 1460115
1461234 1461740
1461863 1464045
1464643 1467850
1470041 1471008
1471298 1471845
1472490 1473222
1473836 1474756
1475237 1475519
1476136 1476539
1477370 1477889
1478227 1478602
1479106 1479528
1480264 1482656
1483259 1484421
1485205 1486986
1487721 1487918
1488909 1490375
1491486 1492281
1493008 1493208
1493814 1494039
1494733 1494939
1495771 1496087
1496663 1499176
1499588 1500508
1501458 1502179
1504466 1506282
1507381 1509346
1510465 1510574
1510766 1511461
1512096 1514118
1515741 1516894
1519171 1519870
1521166 1521246
1521860 1522947
1525387 1530266
1530776 1534678
1535185 1535707
1535978 1536231
1536795 1541361
1541704 1541785
1542419 1543623
1544429 1547566
1548440 1553346
1553962 1554469
1555057 1555564
1556349 1556451
1556919 1557082
1557601 1558045
1564767 1566111
1567055 1567535
1568060 1569677
1570392 1571240
1573059 1575490
1576235 1576540
1577109 1578072
1578585 1578699
1579297 1579726
1580687 1581649
1582241 1586001
1586545 1589042
1590331 1590903
1592175 1592975
1593545 1593842
1594655 1596083
1598300 1598900
1599453 1600983
1601949 1602010
1602583 1602721
1603340 1604174
1604549 1605915
1606575 1609662
1610205 1611449
1611981 1613244
1614125 1614559
1615066 1616312
1616843 1618474
1618733 1619015
1621160 1623377
1625304 1626808
1627755 1628450
1628957 1629372
1629886 1632245
1633016 1634321
1635249 1635584
1635757 1637319
1637615 1638328
1639162 1641409
1642692 1643734
1644572 1645345
1645923 1646454
1647193 1648277
1649602 1649824
1650419 1651238
1651615 1652172
1652866 1654191
1654519 1655369
1656703 1658269
1658835 1659423
1661080 1661516
1662233 1662632
1663251 1663935
1664381 1666150
1667381 1668281
1668794 1669700
1671189 1671537
1672138 1673115
1673620 1674002
1674563 1675419
1676099 1677673
1678414 1679636
1680150 1681986
1683549 1684567
1684948 1686910
1687526 1688122
1688704 1688885
1689242 1690954
1692153 1692723
1693243 1693917
1694476 1696099
1696799 1697072
1697723 1700583
1701440 1702890
1703718 1704643
1705700 1706779
1707290 1707586
1708737 1708987
1709946 1710814
1711494 1712283
1712556 1712697
1713865 1714577
1715332 1716263
1716916 1718292
1718824 1720571
1722587 1724308
1725669 1725805
1727091 1728220
1729145 1731199
1731379 1732388
1732920 1733387
1733663 1734723
1735680 1736986
1737578 1738570
1739786 1740243
1741135 1743348
1744141 1744548
1746071 1748837
1749235 1752056
1753588 1760568
1761229 1761961
1762470 1762926
1764656 1766889
1767417 1767553
1770991 1771578
1772832 1773486
1774034 1774288
1775223 1775874
1777824 1777959
1778208 1778267
1778656 1779298
1779552 1779611
1780292 1780745
1781390 1784096
1784740 1786128
1786641 1787291
1787714 1787916
1788478 1788607
1789909 1790381
1790954 1791644
1792893 1793882
1794765 1795950
1796503 1796654
1797177 1798518
1799690 1799958
1800620 1801239
1801816 1803069
1803706 1803824
1804514 1805371
1805981 1806735
1807753 1809901
1810753 1811382
1812856 1814358
1814910 1815656
1816682 1817575
1818150 1818729
1819437 1821898
1823005 1824076
1824672 1824853
1825168 1826308
1826864 1827814
1828495 1829055
1829817 1831277
1832269 1833238
1833847 1834956
1835454 1836287
1836896 1840072
1841126 1841470
1842616 1842751
1843399 1843845
1844633 1847750
1848565 1849300
1849824 1850177
1850998 1851951
1853359 1854252
1854848 1855530
1856404 1856755
1857802 1858469
1859474 1859843
1862011 1862122
1862914 1865595
1866344 1867999
1868806 1870825
1871336 1872362
1872715 1873573
1874181 1874409
1874967 1875124
1875987 1876352
1876786 1878685
1879412 1880588
1881207 1882035
1883111 1885646
1886349 1886577
1887805 1888633
1889248 1891482
1891743 1893086
1893290 1895203
1895902 1896004
1896476 1896557
1897221 1897949
1898805 1899100
1899356 1900331
1900937 1902042
1902602 1903741
1906042 1906649
1909716 1910973
1911570 1912052
1913538 1913591
1914135 1914256
1914391 1914894
1915630 1919439
1920461 1921643
1922147 1922973
1924275 1924373
1924899 1926487
1926928 1927322
1928288 1928795
1929481 1930380
1930936 1931075
1934854 1936541
1937736 1938887
1939490 1939611
1941003 1945064
1945678 1946569
1947135 1947688
1948187 1948701
1950055 1950527
1951176 1953332
1953841 1954020
1954896 1955411
1956130 1958653
1959529 1961023
1961538 1963761
1964351 1965392
1965560 1966688
1967005 1968677
1969050 1970006
1970582 1972051
1972455 1972572
1973118 1973419
1974047 1975617
1976222 1976345
1976619 1976861
1977360 1978038
1978927 1982490
1983103 1984101
1984944 1985102
1985759 1987608
1988110 1988345
1988882 1989770
1990420 1990497
1992283 1994822
1995600 1996689
1997472 1997953
1998459 1998764
1999275 2000345
2000952 2001023
2001289 2001744
2001840 2004791
2005580 2006562
2006911 2007636
2008233 2009159
2009825 2010361
2011956 2012123
2013519 2014880
2015757 2017173
2017738 2018235
2018727 2019589
2020098 2021573
2021847 2023214
2023510 2023590
2023894 2024551
2025159 2030944
2031285 2032732
2033286 2033682
2034206 2034769
2035730 2035962
2036546 2036648
2037212 2039535
2039685 2039990
2040108 2040353
2040836 2042072
2042684 2044634
2045433 2045552
2047092 2049636
2051220 2052111
2053388 2053609
2054144 2054552
2055657 2055912
2056004 2056102
2056545 2058340
2058988 2059526
2060156 2060606
2061778 2063538
2064063 2065049
2065609 2066592
2067180 2067339
2068168 2068966
2070154 2071334
2072055 2072538
2073097 2073263
2074031 2074080
2074992 2075322
2076067 2077450
2078125 2078984
2079073 2081276
2081777 2082312
2082925 2085796
2087047 2089702
2090525 2092476
2094160 2094243
2095054 2096552
2097507 2097848
2099762 2099888
2100421 2103921
2104549 2107973
2108618 2108884
2109631 2111080
2111990 2112447
2113036 2114589
2114911 2115781
2116296 2117330
2117885 2118874
2119457 2120445
2121170 2121315
2122179 2122341
2122901 2124132
2124714 2124790
2127387 2128163
2129211 2133113
2133628 2133734
2133931 2134300
2135116 2136632
2136806 2143618
2144124 2146741
2146957 2147219
2147826 2148606
2149231 2149918
2150521 2153020
2154781 2154945
2155518 2155687
2156303 2156685
2157653 2159184
2159686 2160283
2161025 2161883
2162599 2165422
2165791 2166516
2167104 2167396
2167938 2168959
2169538 2170325
2171058 2171977
2172666 2172772
2173747 2174615
2175326 2179307
2179691 2180316
2180867 2182966
2183591 2185149
2185882 2186115
2186714 2186958
2187526 2189547
2189941 2190729
2191640 2191870
2192254 2192484
2192641 2194210
2194523 2195130
2196320 2196880
2197916 2198473
2200244 2201019
2201340 2201578
2202315 2203258
2204436 2204513
2205858 2205911
2206654 2207089
2208897 2210672
2211401 2212913
2213521 2213595
2214134 2214812
2216845 2220365
2221334 2221513
2222268 2222346
2223059 2223980
2224210 2224520
2225336 2229462
2231387 2232134
2232839 2233306
2234322 2235013
2236160 2236739
2237962 2239921
2240523 2242729
2243272 2244117
2245529 2245680
2246783 2247539
2248140 2248343
2250663 2251163
2251720 2251836
2255021 2255530
2256669 2256931
2257319 2257789
2258106 2259021
2259602 2259818
2260379 2260955
2262062 2262120
2262740 2263349
2263918 2265346
2266089 2266622
2267553 2270149
2271310 2271943
2274423 2274584
2275609 2276442
2277559 2278247
2279005 2279088
2280825 2281306
2281781 2283033
2284310 2285130
2286045 2286807
2287353 2288145
2288975 2289583
2290496 2290904
2293119 2294263
2294978 2297094
2297606 2301571
2301884 2302325
2302844 2307121
2307646 2309235
2309511 2310319
2310913 2311583
2312106 2312206
2313341 2318679
2319038 2320663
2320819 2321161
2322304 2322612
2323501 2324430
2325729 2326463
2327216 2327326
2328030 2329108
2329798 2331883
2332689 2335199
2335836 2336884
2337404 2339330
2339403 2340242
2340745 2341406
2342979 2343120
2344536 2344968
2345557 2346331
2347472 2349110
2349674 2351277
2351736 2351856
2352348 2353061
2354275 2354432
2354673 2354756
2355296 2355640
2356283 2356369
2356625 2357542
2358153 2358915
2359494 2360052
2361439 2361734
2362386 2363802
2364312 2368555
2369183 2369498
2369895 2373583
2373796 2376995
2378043 2378475
2378986 2379321
2379827 2383692
2384483 2389527
2390113 2395084
2395602 2399521
2400697 2400870
2401481 2401981
2403512 2404209
2404709 2408485
2408878 2410854
2412043 2412206
2412809 2415375
2416043 2416266
2418179 2419757
2420593 2422213
2422858 2424048
2424209 2425389
2426509 2427184
2428160 2428370
2428884 2428965
2429418 2431824
2432480 2432624
2433328 2433788
2435022 2439580
2441699 2444192
2445239 2445968
2446642 2448193
2448733 2448833
2449862 2451238
2451521 2451651
2452072 2455016
2455778 2457798
2459287 2461582
2462570 2465583
2466490 2467498
2468078 2469073
2470364 2471040
2471863 2473146
2473710 2474952
2475581 2475824
2476875 2478981
2479586 2480474
2481063 2481416
2482462 2484280
2484940 2485324
2486434 2487788
2488359 2488621
2489286 2489482
2490093 2490408
2491031 2491442
2492319 2494974
2495535 2495646
2497368 2497595
2498491 2499022
2499579 2499784
2500492 2500688
