ENA|CP001628|CP001628.1_Micrococcus_luteus_NCTC_2665__complete_genome.
1 38732
39057 57780
58426 60411
60974 71243
71976 88066
88567 219128
219302 259347
259848 296817
296941 304085
304440 308966
309519 309730
310250 310855
311151 311657
312183 337403
337989 342228
342890 371995
372506 398385
398511 419049
420191 421247
422434 453043
453565 470754
471301 472574
473134 483760
484330 489514
490070 490685
491251 520239
520883 540702
540817 559255
559776 586258
586800 612657
613303 632015
632785 649828
649973 650754
651085 660336
660651 688304
688536 707715
708256 708601
709119 712197
713471 714856
715630 741930
742053 751143
751638 759142
759689 792518
792962 805266
805804 819838
820372 826319
826827 831618
832146 858685
858762 859430
859958 860455
860705 871074
871428 894016
894101 921951
922542 922693
923421 947855
948222 950748
951703 1061473
1061745 1077993
1078612 1081969
1082274 1113542
1114127 1119459
1119535 1123872
1125949 1126203
1126966 1128703
1129055 1136413
1137023 1157977
1158164 1178079
1178660 1180555
1181055 1230358
1230863 1257971
1258486 1271941
1272301 1281994
1282515 1283174
1284728 1314453
1315160 1321114
1321331 1327193
1327824 1343222
1343916 1384761
1385141 1398507
1399162 1400655
1400891 1418883
1419388 1425048
1425596 1433450
1433741 1439057
1439142 1450290
1450801 1455307
1455902 1477912
1478066 1495673
1496423 1524349
1525159 1530306
1530612 1534015
1534446 1537323
1537802 1559163
1561929 1563258
1564767 1573528
1575089 1580927
1581567 1601078
1601350 1616588
1616937 1658064
1658685 1663368
1663873 1665712
1666017 1672799
1673316 1687234
1687742 1702985
1703350 1727395
1727814 1731161
1731379 1735428
1736056 1749241
1749357 1763168
1764724 1779932
1780069 1824853
1825152 1829489
1830815 1852741
1853323 1867230
1867743 1870642
1871184 1881657
1881782 1885269
1885937 1897963
1898495 1914058
1914560 1929427
1929948 1932894
1933546 1939238
1939806 1955289
1955866 1959622
1961340 1968440
1969044 2002081
2002395 2023975
2024290 2028274
2028787 2054895
2055407 2061756
2062021 2075767
2076207 2086517
2086790 2103645
2104190 2113910
2114371 2114531
2115013 2117676
2118247 2128167
2128686 2131986
2132159 2151220
2151621 2156154
2156781 2158150
2158457 2174341
2174978 2185920
2186276 2186928
2187483 2193747
2194258 2197804
2198447 2220284
2220870 2225195
2226674 2231533
2232202 2240252
2240756 2245850
2246387 2253320
2253524 2253868
2255008 2266796
2267373 2281582
2282229 2287474
2288081 2294144
2294473 2296384
2296652 2303288
2304525 2332943
2334425 2351258
2351428 2356384
2356625 2380987
2381398 2382156
2383712 2383770
2384315 2422497
2422681 2434045
2434736 2436411
2436629 2465373
2466061 2472589
2473013 2482531
2483054 2501097
