ENA|CP001628|CP001628.1_Micrococcus_luteus_NCTC_2665__complete_genome.
45284 48301
227103 227714
336275 336886
339237 340442
368864 369475
510951 512193
534496 535738
592351 593642
715043 716947
1078169 1079151
1102745 1103988
1123985 1127311
1282560 1284554
1303036 1303647
1312530 1314407
1528943 1530216
1559171 1566582
1573600 1574849
1615484 1616274
1623455 1624244
1633484 1634299
1756683 1759116
1764656 1764874
1959702 1960979
1993499 1994778
2124868 2126199
2199602 2200874
2211528 2212859
2218732 2219343
2225984 2226595
2252741 2254749
2255594 2256397
2304009 2304406
2337630 2338420
2382236 2383568
