ENA|CP001628|CP001628.1_Micrococcus_luteus_NCTC_2665__complete_genome.
45284 48324
209872 210901
227103 228373
335631 336890
339193 340442
368864 370114
510951 512193
534496 535738
592350 593617
704455 705594
711349 712214
715043 716520
1078169 1079151
1102746 1103988
1125201 1127311
1283277 1284554
1303035 1304308
1311154 1314407
1528943 1530081
1558154 1564766
1573606 1574848
1615484 1616273
1623455 1624245
1633485 1634274
1642831 1643620
1756683 1759775
1762769 1763169
1764656 1765530
1959702 1960979
1993499 1994778
2124868 2126199
2199602 2200874
2211528 2212859
2218730 2220002
2225325 2226596
2252874 2254749
2255608 2256397
2303574 2304141
2337629 2338420
2382237 2383568
2462649 2463439
