ENA|CP001628|CP001628.1_Micrococcus_luteus_NCTC_2665__complete_genome.
1 572
1136 52282
53880 63354
63863 66664
66955 70697
70783 85028
85421 153252
153393 189677
190006 219317
219825 241441
241661 244016
244163 247240
247833 248660
249184 265787
266009 274144
274700 279943
280588 292281
292730 299009
299591 308301
308480 319487
320024 327171
327438 360552
361000 368786
370281 389538
390034 408276
408567 419213
421161 422762
423476 424848
425408 425863
426003 435018
435528 462656
463199 464964
465518 478356
478816 478871
479200 487456
487811 498326
498551 508394
509018 525903
526591 544065
544349 552834
553336 562927
563426 574204
574713 612520
612761 616748
616901 633535
634196 650613
651143 654384
654563 660034
660417 665249
665787 666657
666937 704044
705891 714770
715568 715817
716523 733729
734338 736758
737070 738161
738835 742605
742811 745112
745504 748625
749268 750187
750702 757890
758324 793275
793798 795721
796234 805952
806487 818581
818720 835066
835161 865896
866229 884363
885008 888180
889074 918175
918694 929174
929436 931285
931818 964496
965122 1002065
1002757 1048535
1049039 1076476
1076766 1083185
1083691 1125412
1126798 1133316
1133787 1137808
1138318 1183066
1183163 1186722
1187308 1200028
1200178 1241789
1242382 1246886
1247428 1250414
1250947 1252378
1252745 1262987
1263202 1269954
1270262 1277367
1278123 1292208
1292728 1321344
1321596 1347908
1348446 1353199
1353704 1380577
1381161 1404270
1404528 1419133
1420036 1446282
1446558 1450707
1451030 1451281
1451587 1463126
1463278 1481966
1482513 1484175
1484364 1493156
1493675 1522074
1522679 1524268
1525308 1530864
1531277 1536526
1537169 1553996
1554595 1562169
1563388 1580411
1581077 1589387
1589626 1593913
1594487 1615406
1616378 1623129
1623385 1683233
1683549 1685446
1686014 1695893
1696489 1721777
1722196 1743937
1744440 1746796
1747011 1755565
1756138 1762999
1764656 1776874
1777402 1809110
1809733 1828484
1829053 1904750
1905517 1908323
1909084 1933524
1934121 1953926
1954553 1959474
1961330 1963961
1964516 1968123
1968669 1979509
1979612 1988907
1989515 1998220
1998735 2004579
2004921 2010297
2010969 2024241
2024592 2043243
2043906 2074666
2075240 2094394
2094901 2107403
2107984 2119094
2119607 2124790
2126706 2127125
2127578 2178692
2178985 2185924
2186288 2187765
2188296 2202423
2203008 2218235
2220080 2228646
2229491 2243364
2243476 2253269
2253788 2254374
2255039 2260899
2261420 2301571
2301774 2303339
2304593 2326031
2326191 2344407
2345241 2360346
2360889 2379240
2379630 2383884
2384393 2397828
2398331 2399498
2400039 2403812
2404432 2408581
2408689 2430242
2430575 2440226
2440792 2453109
2453615 2456740
2457259 2468967
2469659 2477659
2478324 2483958
2484474 2488864
2489162 2499261
2499791 2501097
