gi|556503834|ref|NC_000913.3|_Escherichia_coli_str._K-12_substr._MG1655__complete_genome
20437 20487
223616 225738
257985 258599
270618 271684
274656 275072
279305 279853
290518 291324
381337 381884
391786 392886
525723 526924
566848 567957
574664 575712
580386 580831
608084 609274
687924 689124
729879 733196
734225 735021
781139 781767
1049982 1050403
1094322 1095426
1299571 1300599
1396615 1397166
1428115 1428223
1467987 1469295
1531794 1532721
1570747 1571725
1633027 1634945
1635916 1636292
1650920 1651471
1978580 1979193
2066253 2067276
2069003 2070194
2101826 2102869
2170246 2171351
2288996 2290046
2514350 2515540
2521330 2521443
2523752 2523823
2726121 2729127
2818145 2818196
2996438 2997614
3130220 3131267
3186173 3187349
3365650 3366677
3423540 3428831
3583632 3584122
3619350 3619410
3620145 3622761
3624208 3625283
3652109 3653157
3708467 3708526
3762479 3763058
3764954 3765750
3941886 3946749
4035610 4040519
4166738 4171639
4176156 4177032
4207993 4212973
4498883 4499435
4507536 4508594
