gi|556503834|ref|NC_000913.3|_Escherichia_coli_str._K-12_substr._MG1655__complete_genome
223702 225249
257985 258549
270618 271684
279305 279803
290776 291274
381337 381884
391786 392890
566853 567957
574664 575708
608084 609274
687924 688979
729879 733152
780918 781145
1049905 1050468
1094322 1095422
1299576 1300616
1396116 1397165
1467987 1469295
1528198 1529092
1570747 1571814
1632637 1634945
1635916 1636815
1650920 1651471
1978645 1979172
2066233 2067276
2069018 2070194
2101826 2102866
2170247 2171351
2288983 2290036
2514350 2515556
2726141 2731452
2818137 2818196
2996438 2996989
3130220 3131267
3186172 3187349
3365633 3366677
3423495 3428831
3583554 3584118
3620145 3620405
3622080 3622761
3652109 3653153
3762479 3765752
3767297 3767419
3941739 3946749
4035242 4040564
4094499 4094581
4166376 4171684
4176158 4177032
4209703 4213089
4326088 4326141
4498258 4499434
4507536 4508604
4614388 4614528
