gi|556503834|ref|NC_000913.3|_Escherichia_coli_str._K-12_substr._MG1655__complete_genome
20437 20486
223702 225738
228767 228928
257985 258471
270616 271684
315293 316406
357300 357471
566848 567958
574668 575654
608084 609445
687928 688914
692239 692291
696619 696862
729741 730661
732354 733150
736840 737247
738592 738735
781145 781805
1094322 1095426
1223672 1223804
1299630 1300640
1396175 1397161
1467987 1468538
1528319 1529126
1532316 1532778
1632637 1634945
1650920 1651471
1978580 1979066
2059932 2059995
2066236 2067222
2069018 2069569
2101826 2102812
2170246 2171351
2288996 2289982
2514350 2515541
2725992 2731295
2817870 2818471
2996438 2997614
3130243 3131263
3186798 3187349
3269792 3270077
3365633 3366619
3423739 3426726
3427284 3428831
3470241 3471117
3583505 3584118
3619350 3622761
3624878 3625340
3652113 3653099
3666282 3667260
3764954 3765750
3941739 3946633
4035242 4040555
4166376 4171675
4209703 4213089
4325985 4326204
4498258 4499434
4507536 4508602
4598267 4598330
4606155 4606325
