gi|556503834|ref|NC_000913.3|_Escherichia_coli_str._K-12_substr._MG1655__complete_genome
1 106
223752 228755
270663 271173
274656 274983
279290 279984
290568 291275
391836 392836
566902 567907
574718 575164
608134 609224
687978 688921
729929 734940
737592 738179
781567 781717
1049904 1050418
1094372 1095449
1097222 1097322
1269551 1270154
1299623 1300566
1396168 1397119
1468037 1470389
1633060 1635838
1978630 1979167
2066286 2066656
2069068 2070144
2101876 2102819
2170296 2171301
2289046 2289972
2514400 2515490
2726305 2731176
2996488 2996939
3110190 3110317
3120672 3120763
3130270 3131213
3186172 3187299
3365683 3366665
3416773 3416858
3423789 3428867
3583614 3584068
3624652 3625350
3652163 3653106
3666332 3667210
3941789 3946699
4166640 4171520
4176206 4176982
4207970 4212922
4325931 4326204
4498344 4499292
4641586 4641652
