gi|556503834|ref|NC_000913.3|_Escherichia_coli_str._K-12_substr._MG1655__complete_genome
15514 16607
223752 228547
258100 258562
270380 270523
274078 274452
279355 279972
290568 291147
381387 381884
391836 392836
566898 567907
570144 570204
574714 575562
580460 581732
687974 688922
737125 737679
1050032 1050353
1094372 1095376
1097222 1097322
1269551 1270154
1299626 1300570
1396171 1397167
1466209 1466383
1468037 1470389
1532048 1532788
1570888 1571675
1598764 1598885
1650970 1651421
1978695 1979016
2066283 2067200
2069049 2070144
2101871 2102819
2160035 2160099
2170296 2171309
2289038 2289986
2304611 2304908
2514480 2515511
2726185 2731176
2996522 2997591
3130270 3131217
3186223 3187221
3366181 3366627
3423982 3428791
3583546 3584003
3619538 3622593
3652152 3653107
3762363 3766252
3941789 3946492
4035292 4035384
4040436 4040514
4166640 4171798
4176206 4176982
4208128 4212831
4296097 4296173
4498933 4499385
4641486 4641652
