gi|556503834|ref|NC_000913.3|_Escherichia_coli_str._K-12_substr._MG1655__complete_genome
24715 24771
63148 63201
223752 228638
270666 271634
274079 274407
279290 279984
290568 291147
315355 316356
381386 381884
566906 567907
575171 575604
608134 609224
687975 688864
733296 734713
737344 737971
781704 781782
1050032 1050418
1094372 1095373
1097222 1097322
1269551 1270154
1299680 1300569
1396147 1397114
1468037 1468488
1469242 1470389
1570797 1571574
1633019 1636793
1978650 1979157
2066283 2067172
2069068 2070169
2101873 2102841
2170300 2171301
2288993 2289932
2514400 2515490
2726088 2731216
2996488 2996939
3130327 3131216
3186222 3187318
3365680 3366569
3423713 3428781
3452960 3453030
3583600 3584068
3619538 3622542
3624338 3625418
3652160 3653049
3941789 3946583
4035292 4035384
4040528 4040746
4166487 4171837
4208128 4212922
4296097 4296173
4498933 4499384
