gi|556503834|ref|NC_000913.3|_Escherichia_coli_str._K-12_substr._MG1655__complete_genome
223752 228755
258035 258421
270666 271634
274079 274986
279931 279985
290543 291224
315355 316356
381387 381884
566898 567907
608134 609231
688057 688835
729729 735045
736964 738537
781049 781745
1094372 1095376
1269551 1270154
1299662 1300550
1468616 1470389
1528454 1529047
1632872 1635838
1978630 1979143
2069647 2070144
2101873 2102751
2170296 2171320
2514400 2515491
2726383 2731367
2997067 2997564
3186258 3186720
3365680 3366628
3423421 3428790
3470291 3471067
3583555 3584068
3619400 3622652
3624721 3625366
3666332 3667598
3766684 3767275
3901292 3901367
3941789 3946699
4166640 4171442
4207969 4212831
4281894 4282044
4296097 4296173
4326013 4326238
4641461 4641652
