gi|556503834|ref|NC_000913.3|_Escherichia_coli_str._K-12_substr._MG1655__complete_genome
1 19795
20712 59604
59796 260901
261462 266521
267051 279930
280460 314824
316705 331555
332083 463157
463568 580282
580892 607983
609363 641008
641223 687713
689050 736111
736682 818135
818348 844090
844296 1110273
1110471 1138471
1138836 1186280
1186604 1202223
1202432 1269450
1270037 1404180
1404298 1432406
1433746 1445191
1445787 1465845
1466414 1467909
1470517 1511199
1511733 1540170
1540746 1556855
1557434 1569128
1569739 1570924
1572114 1663088
1663656 1686688
1687336 1878906
1879499 1978394
1979271 1987592
1987868 2101744
2103020 2122282
2122586 2153493
2153801 2216948
2217442 2235962
2236546 2261564
2262095 2401966
2402544 2631625
2632064 2699869
2700404 3022780
3023131 3069742
3070425 3194936
3195161 3251901
3252407 3304243
3304534 3379997
3380579 3422302
3422833 3474406
3474915 3487508
3487760 3572755
3573048 3602364
3602541 3624233
3625612 3727362
3727865 3762068
3765896 3770531
3770998 3875380
3875887 3941358
3943394 3955109
3955660 4025668
4026113 4035164
4037208 4168213
4171762 4175907
4176895 4372758
4373225 4437689
4438099 4498180
4499587 4625819
4625990 4641652
