gi|556503834|ref|NC_000913.3|_Escherichia_coli_str._K-12_substr._MG1655__complete_genome
1 15412
16706 112758
113313 223624
229111 266511
267032 290633
291583 315027
316585 480114
480688 526140
526777 580884
581415 655732
656232 731877
733387 897560
898066 1008743
1009257 1117724
1117875 1269424
1270008 1302632
1303160 1355141
1355685 1412620
1413157 1432288
1433191 1531671
1533001 1571335
1572049 1632737
1634145 1650842
1651687 1924501
1925065 2068940
2070335 2193970
2194509 2247915
2248470 2317067
2317183 2322936
2323302 2547778
2548421 2583001
2583516 2751904
2752457 3107476
3108125 3130142
3131468 3470490
3471353 3619774
3621522 3652029
3653383 3701135
3701640 3762076
3762811 3766200
3766684 3840149
3840643 3914584
3915024 4033963
4034463 4035080
4040642 4204247
4204402 4507917
4508703 4587885
4588429 4641652
