gi|556503834|ref|NC_000913.3|_Escherichia_coli_str._K-12_substr._MG1655__complete_genome
19938 20490
223616 228805
258050 258471
270616 271684
274049 275072
279305 280034
290518 291197
339935 339986
381337 381884
391785 392886
525774 526867
566848 567958
574685 575654
581363 581767
608084 609274
687945 688914
730536 731580
732354 732975
734225 734846
736482 736594
737121 738761
780842 781145
781655 781767
1094322 1095426
1097041 1097503
1269170 1270341
1286971 1287242
1299630 1300599
1396121 1397144
1432641 1434659
1467987 1470439
1531968 1532838
1552112 1552290
1570747 1571725
1634631 1634945
1635916 1636815
1650920 1651471
1978580 1979066
2066734 2067222
2069018 2070194
2101843 2102812
2170246 2171351
2289013 2289512
2514350 2515540
2521252 2521443
2662429 2662506
2947035 2947604
2996438 2997614
3130277 3131246
3186173 3187349
3365650 3366673
3423336 3428831
3470241 3471117
3583632 3584053
3619488 3620067
3621267 3622584
3624674 3624845
3652130 3653099
3762479 3765575
3941670 3946749
4035393 4040723
4094415 4094595
4166521 4171843
4207993 4212973
4295930 4296303
4325925 4326210
4498883 4499434
