gi|556503834|ref|NC_000913.3|_Escherichia_coli_str._K-12_substr._MG1655__complete_genome
223752 225738
258035 258421
270666 271634
274099 274968
279355 279984
290761 291147
381387 381884
391836 392836
566898 567919
574714 575661
608106 609224
687974 688921
729929 730408
732117 732343
734342 734682
1050032 1050353
1094372 1095376
1097088 1097456
1287338 1287536
1299623 1300570
1396152 1397115
1468037 1469295
1528454 1529047
1532159 1532788
1540829 1540917
1632757 1634895
1635966 1636242
1650970 1651421
1978695 1979016
2066303 2067172
2069068 2070144
2101921 2102322
2170296 2171301
2289016 2289932
2514400 2515490
2726305 2729601
2730885 2731176
2996488 2996939
3130327 3131217
3186222 3187299
3366136 3366569
3423690 3426719
3427334 3428781
3583682 3584068
3620145 3621885
3652159 3653106
3666332 3667210
3762529 3763008
3764717 3765522
3872418 3872509
3941720 3943236
3943811 3946699
4035443 4040746
4166571 4168122
4168699 4171520
4176206 4176982
4208042 4212922
4296097 4296173
4498308 4499385
4507586 4508552
4641598 4641652
