gi|556503834|ref|NC_000913.3|_Escherichia_coli_str._K-12_substr._MG1655__complete_genome
223666 228758
258100 258421
270666 271634
274082 275022
279355 279984
290826 291147
381387 381883
391803 392841
566907 567907
574714 575661
580959 581235
608132 609224
687974 688921
729929 730408
732117 732292
1049955 1050353
1094372 1095293
1097088 1097456
1300120 1300570
1396168 1397115
1432401 1434219
1468037 1469295
1528454 1529047
1650969 1651440
1978695 1979016
2066283 2067172
2069068 2070144
2101876 2102762
2170296 2171301
2289046 2289932
2514400 2515490
2726305 2731176
2897470 2897528
2996488 2997564
3130270 3131217
3186223 3187299
3366136 3366651
3423648 3428781
3583682 3584068
3620145 3622596
3625145 3625350
3652159 3653106
3666332 3667210
3762529 3763008
3941720 3943236
4035443 4036994
4037524 4040514
4166571 4168122
4168699 4171634
4176206 4176982
4209703 4212922
4498932 4499384
4507586 4508552
