gi|556503834|ref|NC_000913.3|_Escherichia_coli_str._K-12_substr._MG1655__complete_genome
516 1741
2358 2959
3652 7291
7907 10083
11095 11473
12113 12207
12858 13745
14256 15374
17278 17670
18302 20755
21439 22369
22979 27234
27743 27971
28990 30248
30867 32949
33458 33690
34487 35943
36653 37352
37857 38427
39023 39540
40069 40850
41596 42036
42591 43010
43692 44195
44780 45065
46291 47535
48297 52105
52618 53638
54239 56302
57583 57643
58659 61281
61903 69623
70341 70481
71235 76946
78334 78437
79199 79993
80605 81156
81796 82328
82871 83889
85069 85269
86419 89008
91217 93456
94289 95826
96400 96603
97663 98578
99455 101354
104234 106018
107064 110854
111414 112105
112698 113053
113723 114414
115060 117567
119165 119336
119958 122117
123087 124112
124698 129122
129632 129720
130346 133249
134418 135577
136082 136446
136966 137260
138700 144371
144921 146559
147184 148113
148978 150213
150793 151178
151826 151888
152518 154791
155519 156905
157582 158907
159456 159748
160381 166428
167166 167726
168242 170281
171568 176678
177759 178301
178911 180222
181526 183197
183728 183906
185157 188225
188903 191045
191884 193038
193608 197094
197571 198725
199259 200046
201190 202194
202947 205979
206516 207424
208241 209007
209765 209834
210063 210372
211473 213714
214583 214822
216777 220891
221820 222469
223658 225738
229184 231184
231757 231986
232982 234962
235550 237019
237533 238096
238602 240916
241446 241988
242135 243021
244017 244606
245322 245845
246385 252822
253373 254243
254859 255495
256167 256373
257112 257907
259031 259895
260029 260445
261860 261941
262596 269610
270140 273046
273907 275195
276270 276475
277010 279930
280683 282698
283025 289753
291402 293183
293832 296849
297402 304229
304546 305792
306532 307257
308275 308950
310001 312946
313690 313809
316753 317680
318672 323040
323725 327193
327833 328058
328748 329728
330981 332596
333244 335445
336573 340274
340811 342200
342814 343065
343969 344608
345771 346560
347363 348372
348935 348988
349633 349887
350430 350637
351395 352112
352630 356004
356513 358672
359694 360272
360773 364919
365811 370459
371162 375683
376812 377617
378590 378673
379569 383632
384726 385711
386595 386687
387205 387302
387876 389042
390143 390839
391363 393456
394314 394804
395818 396066
396569 396751
397272 398758
399488 400257
400761 405134
405950 406531
407173 407611
408358 410393
410961 413387
413912 414446
415122 415187
415759 418139
418841 419238
420582 423032
423914 424002
424723 425337
425971 426366
427324 428592
429147 429405
429944 433699
434718 435246
435865 438416
438967 439792
440740 440888
441466 444243
444888 445807
446343 450168
451106 452701
453354 453467
454321 458372
459228 460672
462819 464723
465437 467824
468328 478920
479543 479814
480937 482474
483012 484351
484996 486399
486911 487352
488075 489406
489982 491563
492154 492234
492739 494089
494647 495831
496375 497137
497903 498243
499413 501940
502222 502787
503316 506416
507034 507406
507970 512763
513596 515416
515925 519184
521561 522488
523006 527002
528204 530006
530629 534408
535132 536976
537535 540380
540982 543816
544376 544621
545137 548641
549220 553117
554291 554833
555607 556067
557148 559134
559726 561246
561945 563134
564286 564754
565118 565904
566579 572147
573037 574271
575790 576463
576649 578196
578737 582998
583941 585826
586106 587925
589354 591140
591935 594590
595491 595673
595884 596196
596935 599465
600473 600568
602751 603439
605146 606860
607361 610542
611126 611431
612244 614804
615593 615710
616606 616960
617613 617708
619637 620251
620794 621664
621884 623037
624044 626409
627042 629232
629411 630384
630934 633191
633277 636031
636570 637371
637919 639277
640228 648974
649766 650262
651580 651702
652623 656741
657252 657578
658791 658907
659642 661420
662070 662428
662940 663981
664635 664686
665230 665714
666280 666640
668095 668216
669000 670145
670684 672796
673562 674274
674851 677533
678184 680506
681125 684751
686123 687846
690085 691784
692349 692476
693028 693772
694356 695142
695760 696475
696742 697056
697468 698322
698870 700192
700748 700816
701540 703882
704610 711161
712040 713065
713649 717296
717934 719508
720065 720506
721209 722220
723313 724269
724913 726112
727223 727886
729061 735198
735769 737932
738861 741249
741828 742541
743193 745212
745763 747129
747774 750785
751292 751397
752708 753661
754175 756002
756799 756935
757515 757789
758428 758499
759002 761304
761926 762044
762774 762899
763467 765674
766251 769189
770496 773700
774215 778516
779661 781868
783106 784445
784986 785670
785975 786897
788401 790375
792142 792789
793121 795138
795846 798237
798914 799917
800802 802149
802598 804583
805281 806700
807461 821389
822999 823333
823907 824715
825238 827388
828051 830517
831031 832369
832887 833332
834053 836670
837262 841467
842601 844274
845622 847442
848010 848278
849952 850714
851361 852449
852979 856143
857369 857931
858663 858728
859297 860214
861286 862646
864369 870519
871066 871727
872264 874000
874895 875686
876645 877300
878684 880562
881258 882005
882630 886441
887063 888406
889659 889782
890464 891697
892297 892373
893852 897216
897805 902496
903244 907917
909112 909553
910259 910536
911045 912219
912769 914099
914625 915530
916044 916181
916706 922206
923146 924264
925363 929226
929855 930039
931058 932028
932539 934130
934747 939812
940428 943620
944203 946115
946923 950163
951034 951629
952216 953647
954175 955049
955636 956328
956960 957117
957750 958588
960238 961190
961809 962897
964645 965790
966321 966958
967717 968742
969318 970457
971595 972269
973905 974698
975364 979951
980965 989059
989672 991232
991912 992778
993315 994317
994824 994934
995451 995926
996117 999555
1000201 1001936
1002619 1004812
1006262 1009205
1009808 1010462
1011021 1014197
1014343 1014720
1015420 1017086
1017778 1022576
1023302 1024382
1025722 1026673
1027557 1031977
1032547 1034409
1035174 1038484
1039031 1040513
1041250 1042372
1042912 1043303
1044745 1045162
1045963 1046337
1047692 1047753
1048323 1048404
1049277 1050818
1051861 1054348
1055515 1058782
1059295 1061697
1062281 1063955
1064545 1065033
1066058 1066711
1067332 1068961
1069611 1070691
1071196 1072404
1072914 1073215
1074043 1075458
1076093 1076447
1077069 1078295
1078759 1085150
1085788 1087158
1087801 1090301
1092305 1096255
1096984 1097550
1098792 1099425
1100274 1101529
1102032 1104579
1106000 1109297
1111253 1112097
1112632 1120730
1121237 1122714
1123302 1124865
1125684 1125871
1126892 1127224
1127852 1128299
1128858 1129715
1130259 1132131
1132421 1134821
1135813 1137354
1138209 1139298
1139879 1140167
1140802 1144169
1144755 1147939
1148502 1148978
1149498 1151737
1152746 1153048
1153808 1155022
1156286 1156815
1157780 1158442
1159208 1159632
1160132 1160194
1160756 1169450
1170046 1170172
1170680 1172631
1172791 1173014
1174422 1174512
1175336 1177752
1178961 1179644
1180138 1180743
1181320 1181387
1182299 1183274
1184134 1184937
1185524 1186976
1187516 1187985
1188957 1189630
1190165 1191025
1192135 1193496
1193880 1194282
1194911 1195907
1196543 1198466
1199335 1201012
1201685 1206766
1207930 1209019
1211482 1218496
1219241 1220767
1221309 1223326
1224915 1226382
1227560 1227816
1228325 1231472
1232090 1233166
1234130 1236818
1237769 1239729
1240914 1246560
1248563 1252229
1252921 1253148
1254068 1256024
1257063 1258402
1260125 1261457
1262176 1262940
1263447 1263498
1264288 1265591
1266117 1266537
1267077 1268537
1269073 1269841
1270454 1272112
1272998 1273679
1274390 1275567
1276261 1277286
1277984 1278674
1279219 1283183
1284438 1288857
1290216 1291114
1291650 1293459
1294298 1294390
1294926 1304176
1304772 1306615
1307125 1307314
1307997 1309795
1311159 1311509
1312940 1315042
1315500 1315820
1317204 1317997
1318544 1318650
1319206 1322521
1323560 1325002
1325579 1325644
1325741 1328235
1328338 1336497
1337645 1339456
1340636 1341744
1341955 1346110
1346719 1347917
1348695 1353343
1354374 1357405
1358386 1359472
1360178 1360283
1360956 1361586
1362310 1363956
1366624 1367055
1367623 1369448
1370190 1373358
1373975 1374328
1374881 1375950
1376462 1377598
1378286 1381658
1382723 1383273
1383817 1383906
1384724 1384867
1385408 1388068
1388953 1390604
1390874 1391180
1391982 1393605
1394131 1398095
1398859 1401672
1403406 1410046
1410863 1411371
1412332 1412924
1414051 1414205
1414707 1415926
1416564 1418448
1419353 1421570
1422235 1425105
1426112 1429280
1429882 1430004
1431098 1440288
1440808 1444601
1445142 1449444
1450016 1450688
1451345 1454100
1454645 1455426
1456089 1461355
1462153 1464647
1465175 1471372
1472191 1473197
1473341 1473468
1474267 1475017
1475829 1479697
1480212 1482606
1483403 1483853
1484471 1490240
1490759 1492002
1492542 1493173
1494021 1494330
1495013 1495749
1496422 1503228
1503371 1507927
1508479 1509860
1510574 1511900
1512962 1514025
1514768 1518364
1519075 1519633
1520256 1522404
1523065 1523640
1524412 1525946
1526973 1528470
1529631 1530193
1530712 1530867
1531470 1536252
1536825 1536875
1538437 1540175
1540734 1544258
1544760 1544920
1545425 1552332
1552877 1555380
1556602 1557362
1557956 1558369
1558467 1559428
1560504 1560910
1561613 1567608
1568166 1568425
1569146 1570640
1572368 1573579
1574595 1574760
1575796 1576411
1577026 1578095
1578772 1579383
1579906 1581243
1581921 1584624
1585599 1585824
1586379 1588212
1589392 1590001
1590768 1591482
1592231 1593138
1594378 1597729
1598771 1599550
1600208 1601221
1601735 1602425
1603155 1606331
1606831 1608272
1609596 1610493
1611302 1613223
1614597 1616455
1617413 1619446
1620502 1622077
1622612 1623457
1623960 1627130
1627825 1629541
1630439 1630745
1631829 1632468
1635135 1636113
1637153 1637502
1638121 1646577
1647200 1647777
1648289 1648958
1649478 1649538
1650071 1650842
1651936 1652046
1652650 1654013
1654578 1655774
1656375 1657213
1657961 1658624
1659343 1659911
1660322 1661327
1662215 1664037
1664944 1667029
1668257 1669359
1669934 1671416
1672040 1676690
1677342 1677961
1678614 1679149
1679789 1682898
1684584 1684730
1685245 1685406
1685936 1685996
1686654 1687449
1688027 1688571
1690145 1690348
1691114 1692062
1693284 1700745
1703009 1704596
1705231 1705518
1706052 1706497
1707389 1710593
1710886 1711236
1711751 1715309
1715977 1716700
1717276 1717442
1718266 1720411
1721619 1722495
1723556 1727091
1727618 1727914
1728792 1730963
1731470 1732738
1733714 1735475
1736005 1736081
1736590 1737507
1738376 1739565
1739902 1741302
1741955 1742109
1742726 1743376
1744151 1744614
1745127 1745215
1745723 1746834
1748266 1752440
1753310 1754526
1756020 1756107
1756807 1759015
1759590 1760706
1761284 1763811
1765254 1765456
1766341 1768312
1769890 1771042
1771935 1772114
1772632 1773860
1774437 1775638
1776428 1778032
1779585 1780822
1781282 1783224
1783873 1786168
1786685 1787084
1787725 1788038
1788565 1788990
1789654 1790086
1790611 1790845
1791364 1796161
1796802 1797109
1798060 1800368
1800956 1802085
1802592 1807772
1808404 1809799
1810391 1811153
1811697 1813334
1814237 1815029
1815576 1818057
1818627 1819114
1820031 1820980
1821510 1823692
1824175 1825839
1826840 1829017
1829525 1832624
1833718 1834154
1834704 1837206
1837833 1838075
1838941 1840733
1841330 1841893
1842414 1843042
1843971 1845409
1846547 1848433
1848980 1849447
1850149 1851591
1852409 1853561
1854696 1854954
1856246 1859073
1859721 1861336
1861919 1863461
1865508 1869304
1869895 1870615
1871775 1872688
1873821 1878142
1878764 1878884
1879669 1880142
1881006 1881292
1881838 1881977
1882641 1884763
1885351 1889393
1890456 1890932
1891442 1891819
1892584 1894353
1894865 1895250
1895800 1898803
1899452 1900425
1901245 1901352
1902282 1902971
1903704 1905294
1905806 1907359
1908253 1910579
1911254 1914458
1915161 1917987
1918788 1919126
1919626 1922651
1923396 1924256
1924767 1925279
1925826 1927765
1928353 1937949
1938481 1950425
1951768 1955330
1955886 1956667
1957809 1958128
1958817 1960165
1961288 1962073
1962502 1964519
1965077 1965236
1965755 1966359
1967824 1969872
1970520 1973239
1973758 1973999
1975129 1975231
1975758 1976821
1977524 1979572
1980116 1980538
1981043 1985735
1986255 1994146
1994719 1996434
1997081 1998681
1999218 2000899
2001731 2012397
2012907 2014444
2015116 2020006
2020616 2020896
2021499 2022624
2023510 2023653
2024153 2025740
2026480 2026918
2027531 2030873
2031424 2033481
2034164 2035474
2036808 2043667
2044323 2044687
2045359 2045706
2046233 2049707
2050236 2050328
2050946 2057527
2058059 2058749
2059709 2060118
2060668 2061218
2062023 2067438
2067940 2070323
2070856 2073021
2073661 2074179
2075138 2077463
2078176 2079327
2080187 2082335
2082863 2083677
2084469 2089445
2090276 2090987
2091806 2098400
2099334 2100010
2100938 2103126
2103668 2107665
2108421 2110506
2111130 2111388
2112163 2113132
2114019 2115096
2115712 2117602
2118163 2120454
2120703 2121439
2122202 2124912
2125513 2126779
2128126 2130849
2131568 2132696
2133310 2134753
2135374 2135482
2136150 2136578
2136997 2139865
2140587 2140983
2141695 2141817
2142994 2145282
2145803 2147164
2147975 2148383
2148662 2149217
2149800 2149965
2150484 2151314
2151981 2152591
2153154 2154274
2154869 2155137
2155795 2156639
2157427 2157566
2158332 2158697
2159226 2160127
2160584 2166745
2167335 2168539
2169456 2171587
2172580 2173138
2173662 2175311
2175608 2179955
2180480 2180543
2181079 2181434
2182007 2183463
2184073 2185740
2186688 2187964
2189503 2189932
2191476 2192195
2193398 2194693
2195626 2196782
2197306 2197776
2198925 2200345
2200931 2201950
2202608 2204525
2205401 2206044
2206669 2206984
2207528 2207857
2208511 2210285
2211321 2213701
2214608 2214929
2215525 2216637
2217326 2218497
2219505 2220759
2221299 2221694
2222538 2225834
2226417 2227239
2227747 2228001
2228503 2229951
2230477 2230668
2231561 2232000
2232586 2232964
2233697 2235106
2235887 2237429
2237555 2239287
2240404 2240712
2241243 2243974
2245173 2250418
2250973 2254093
2254610 2255544
2256578 2257877
2258506 2258828
2259340 2260003
2261175 2264696
2265293 2265452
2266865 2267664
2268180 2269364
2270003 2270424
2270976 2272846
2273363 2274040
2275183 2282888
2283408 2283512
2284635 2285608
2286527 2294462
2295131 2295720
2296352 2297720
2298275 2299379
2299928 2299983
2300526 2305044
2305583 2308493
2309068 2312488
2312895 2313537
2314075 2315246
2315816 2317538
2318849 2318909
2319412 2319477
2320156 2323225
2323812 2327080
2327918 2328179
2328701 2330671
2331356 2331922
2332548 2333134
2334338 2334694
2335253 2335864
2336380 2337035
2337514 2340467
2341101 2341220
2341762 2345206
2345773 2346373
2347172 2347308
2347827 2348816
2349460 2352357
2352888 2352965
2353646 2355045
2355733 2359545
2360191 2361167
2361773 2362080
2362782 2365867
2366381 2369123
2369690 2374696
2375459 2375757
2376342 2376436
2376656 2377384
2377897 2378565
2379141 2379265
2380428 2380578
2381293 2381563
2382153 2382382
2383358 2383749
2384760 2386270
2386771 2387963
2389237 2389356
2390079 2391313
2391880 2394204
2394802 2397044
2398006 2399051
2400394 2402252
2402988 2403714
2404316 2406505
2408253 2410075
2411590 2412308
2412916 2415245
2415831 2417612
2418113 2418803
2419642 2421053
2421593 2423051
2423771 2424029
2425079 2430022
2430961 2431633
2432269 2434664
2435409 2440891
2441803 2442229
2442793 2442983
2443711 2443829
2444389 2446083
2447206 2447771
2448381 2449141
2449646 2451936
2452494 2453523
2454158 2454455
2455312 2456385
2457682 2457970
2458634 2459287
2460720 2460790
2461330 2463117
2465457 2467474
2468638 2468734
2469407 2469546
2470072 2470558
2471415 2474142
2474759 2475094
2475817 2476097
2476688 2480671
2481172 2482467
2483089 2483323
2483868 2486173
2486810 2488331
2488860 2490006
2490511 2490866
2491815 2492265
2492780 2493187
2494369 2495892
2496506 2496868
2497365 2502021
2502361 2503229
2503673 2506503
2507048 2507141
2507699 2507911
2508485 2509093
2510106 2511661
2512449 2518393
2518900 2524176
2524962 2525585
2526392 2527628
2528289 2529574
2530203 2532248
2532815 2534595
2535237 2536289
2536946 2538957
2540315 2541999
2543028 2543091
2543739 2543917
2544563 2546410
2547419 2551960
2552611 2553648
2554221 2555258
2556997 2557619
2558156 2560105
2560845 2561653
2562345 2562843
2563380 2564204
2564803 2565125
2565866 2567321
2567895 2569068
2569630 2575433
2576095 2576470
2577763 2577969
2579002 2580769
2581312 2582375
2582949 2586164
2586889 2587284
2587888 2593639
2594170 2595124
2596178 2596912
2597420 2602935
2603727 2605483
2606178 2608385
2610755 2612518
2613138 2613332
2614056 2614291
2614976 2615517
2616033 2616285
2616949 2618349
2618909 2619222
2621157 2621514
2622143 2626469
2626993 2627335
2628050 2628537
2629785 2633027
2633570 2633930
2635386 2637072
2637781 2638971
2640399 2641650
2643184 2645694
2646408 2649304
2649822 2652202
2653434 2656180
2656509 2657668
2658474 2659012
2659758 2662598
2663898 2664577
2665078 2665282
2666999 2669268
2669859 2670343
2672473 2673158
2674466 2675088
2675631 2679943
2681780 2683434
2683912 2684185
2684699 2685292
2686756 2688562
2689304 2691568
2692305 2693956
2694549 2695828
2696367 2696755
2697265 2701069
2701576 2703289
2703846 2704930
2705809 2711598
2712648 2712713
2713444 2714801
2715446 2715862
2716249 2716302
2716824 2716973
2717565 2718591
2719159 2721124
2722008 2722467
2722976 2723708
2725034 2731645
2732253 2734852
2735418 2740353
2740881 2746865
2747481 2749426
2750005 2751045
2753951 2757011
2758851 2759243
2759914 2760137
2760720 2761027
2762253 2762969
2764155 2765438
2766598 2767854
2769538 2770455
2771440 2773803
2774651 2775859
2776688 2780223
2780893 2781643
2782951 2784022
2785365 2786817
2787539 2793134
2793649 2795069
2795820 2796650
2797784 2803770
2804309 2805807
2806336 2806598
2807979 2808652
2809561 2810046
2810570 2812189
2812890 2814466
2815017 2815069
2815743 2816649
2817257 2818941
2819682 2822076
2822656 2823074
2823581 2824145
2824659 2825736
2826333 2827244
2827818 2827941
2828454 2830703
2831330 2833837
2834415 2836452
2837094 2838338
2838639 2841117
2841928 2843007
2844039 2846131
2846819 2847189
2847783 2848641
2849344 2851657
2853704 2854079
2854610 2855075
2855629 2856804
2858925 2862875
2863498 2865721
2866275 2870226
2870975 2874723
2875320 2875707
2876335 2876909
2877432 2879016
2879851 2890430
2891169 2891506
2892695 2893320
2894126 2894858
2895841 2896143
2897501 2899271
2900484 2900611
2901534 2902179
2902835 2903576
2904100 2904860
2905371 2906717
2907223 2907300
2908349 2909558
2910571 2911285
2912214 2914261
2915702 2915755
2916373 2918412
2919459 2923463
2923969 2925426
2925958 2928664
2929170 2929731
2930350 2930889
2931459 2934011
2934639 2936441
2937616 2939098
2940349 2941132
2941681 2944022
2944563 2949748
2950272 2950364
2951176 2953520
2954617 2958233
2958819 2960505
2961113 2962738
2963468 2963527
2964120 2964229
2964774 2965673
2966186 2969754
2970312 2970952
2971976 2977922
2978435 2980136
2980747 2981878
2982408 2984081
2984661 2989874
2990427 2990649
2991213 2993194
2993922 2995355
2996087 2997729
2998432 3000272
3001320 3001766
3002406 3003798
3005147 3005448
3006448 3006498
3007247 3007392
3008584 3009739
3010260 3010661
3011262 3020428
3021255 3025772
3026472 3026689
3027261 3029714
3030402 3031251
3031877 3032569
3033659 3035997
3036591 3040677
3041122 3041305
3041755 3041993
3042352 3044417
3045050 3046267
3046787 3047761
3048366 3049949
3050893 3051225
3051925 3058740
3059377 3060950
3062589 3062759
3063294 3063790
3064424 3064509
3065110 3066466
3067539 3069516
3070051 3070283
3071303 3071584
3072167 3074475
3074991 3075649
3076176 3076300
3076867 3078916
3079505 3082801
3083666 3086051
3086848 3087020
3087664 3095674
3096559 3097038
3097883 3101805
3102720 3104911
3105455 3106387
3107132 3109498
3111648 3111722
3112387 3113567
3114080 3114515
3115052 3115672
3116463 3116512
3117019 3118922
3119593 3121116
3122065 3126771
3127292 3127780
3128933 3132098
3132801 3136229
3136929 3137945
3139093 3141861
3142446 3142778
3143705 3145016
3145752 3146711
3147283 3149908
3150697 3152916
3153539 3154363
3155705 3159358
3160197 3161259
3162290 3163988
3164599 3164954
3165468 3167231
3167821 3168060
3168767 3168888
3169446 3171377
3172091 3172817
3173641 3174481
3175072 3176276
3176916 3179771
3180914 3182526
3183438 3185680
3187427 3190193
3190972 3193116
3193748 3198677
3199494 3199962
3200565 3205254
3205941 3206789
3207349 3208528
3209037 3212851
3213374 3214069
3214926 3217959
3222121 3222354
3222968 3223854
3224574 3227356
3227975 3229963
3230564 3231923
3233080 3233957
3234562 3234690
3235385 3235653
3236178 3236565
3237179 3241800
3242453 3242555
3243208 3246150
3246663 3249847
3250418 3250624
3251168 3251514
3252103 3254270
3254793 3256138
3256669 3258131
3258726 3261772
3262448 3263299
3263821 3263982
3264536 3267799
3268845 3273712
3274352 3274508
3275249 3275564
3277185 3277492
3278150 3278229
3278898 3279962
3280488 3287201
3288720 3288895
3289631 3292574
3293278 3293540
3294129 3295559
3296120 3296206
3296863 3299990
3300929 3301291
3302562 3305578
3306089 3306700
3307297 3308456
3309013 3309708
3310242 3310429
3311157 3311808
3312418 3312541
3313242 3313781
3314282 3314480
3315449 3315911
3316501 3317066
3317619 3318321
3319545 3320498
3321083 3321515
3322311 3324050
3324651 3325169
3325915 3326694
3327341 3328005
3328524 3332004
3332630 3336453
3337104 3338435
3339528 3341301
3342134 3342338
3343171 3344099
3344343 3344479
3344832 3344890
3345427 3347493
3348062 3350060
3350759 3352212
3353410 3354923
3356786 3357098
3358089 3359065
3359690 3360909
3361633 3363771
3365020 3368583
3369173 3373607
3374315 3378638
3379303 3380938
3381889 3382822
3383368 3386292
3386842 3388206
3388738 3392484
3393015 3395266
3396092 3396905
3397417 3397919
3398598 3401285
3401912 3404102
3405627 3406099
3407327 3409098
3409670 3411450
3411974 3414936
3415931 3416808
3417421 3418374
3418898 3418952
3419669 3422564
3423122 3430206
3430826 3433144
3433727 3434207
3434855 3437096
3437816 3440027
3440654 3445075
3446475 3449344
3449940 3453907
3454558 3455456
3456191 3456248
3456840 3457082
3457700 3459089
3460102 3461491
3462283 3465532
3467329 3467928
3468440 3469394
3470106 3471673
3472258 3473487
3474670 3476648
3477443 3483008
3484284 3485304
3485949 3487771
3488304 3489142
3489652 3492884
3493412 3495820
3496367 3499664
3500248 3501216
3501912 3502484
3502708 3506078
3506596 3508771
3509333 3511123
3511683 3514601
3516136 3517472
3518243 3519702
3520206 3523169
3525434 3527023
3527551 3527650
3528970 3533547
3534066 3534879
3535590 3535698
3536236 3542354
3542913 3543765
3544403 3548724
3549346 3550234
3551847 3552102
3552618 3553123
3553672 3554523
3555079 3555163
3555883 3559046
3559550 3565215
3565960 3566604
3567207 3568901
3569958 3570892
3571614 3571948
3572643 3572849
3573390 3573727
3574528 3577993
3579235 3580128
3580711 3584302
3584950 3587235
3587928 3596880
3597437 3598879
3599171 3599454
3600128 3605975
3608069 3612469
3613146 3615166
3615702 3620646
3623240 3623767
3625964 3635929
3636496 3641111
3641636 3642090
3642902 3650848
3651525 3653600
3654376 3654629
3655893 3656489
3657356 3657546
3658383 3660520
3661028 3664284
3664887 3677045
3678267 3678814
3680921 3682269
3682530 3683780
3684354 3684473
3686555 3687946
3689936 3691334
3691928 3693270
3693780 3696554
3697142 3699179
3699701 3701896
3703197 3704148
3705241 3706087
3706589 3708325
3708467 3708526
3711819 3712839
3713975 3715643
3716285 3717303
3717819 3719642
3720477 3722850
3723371 3726226
3726738 3726912
3728322 3731201
3732790 3739809
3740527 3742742
3742914 3743133
3744427 3744796
3745324 3746290
3747235 3748375
3748964 3749890
3750647 3754362
3755683 3758851
3759913 3760745
3761352 3761959
3763662 3766284
3767148 3769360
3769892 3770073
3770596 3771631
3772201 3772924
3773491 3774582
3775258 3775363
3776174 3779819
3780808 3782960
3783509 3785342
3786098 3789839
3790474 3792000
3792599 3793425
3793952 3794260
3794796 3797733
3798582 3798849
3799574 3805320
3805889 3811707
3812484 3814079
3814458 3817158
3818434 3819649
3820205 3820359
3820915 3821269
3821863 3823475
3824700 3826646
3827186 3831189
3831763 3832863
3833868 3837718
3839296 3841993
3842883 3843247
3844228 3844961
3845491 3845929
3846432 3847419
3848455 3850472
3851014 3851993
3852621 3852786
3853323 3854405
3854906 3856764
3857486 3858498
3859053 3859891
3860489 3867095
3868465 3868613
3869315 3874656
3875188 3881847
3882374 3883804
3884727 3885967
3886572 3888522
3889368 3889571
3890134 3890814
3891333 3893546
3894373 3895142
3895698 3895833
3896348 3899874
3900487 3900966
3901497 3902125
3902968 3904899
3905564 3907485
3908236 3909299
3909856 3910428
3910969 3911970
3912691 3913605
3914286 3914728
3915020 3915685
3916253 3916601
3917221 3918049
3918558 3918683
3919374 3922159
3923676 3929925
3930792 3935479
3936105 3936267
3937029 3938625
3939189 3940647
3941148 3948178
3948708 3948898
3949560 3950042
3951170 3951291
3951427 3951851
3952061 3953343
3953916 3956182
3957461 3958396
3959430 3962511
3962750 3963072
3964142 3965153
3965919 3968581
3970130 3971648
3972766 3974555
3975214 3975489
3976887 3978041
3978663 3979387
3979888 3982440
3982693 3984496
3985011 3987782
3988609 3989161
3989742 3990957
3991478 3993503
3993816 3997900
3998744 3999036
4000183 4000575
4001113 4002633
4004407 4006726
4007256 4008896
4009211 4009397
4010544 4018362
4018994 4019436
4020566 4022198
4022784 4023547
4024117 4025438
4025961 4026112
4026697 4027950
4028823 4029105
4029793 4030624
4031239 4031796
4033002 4034893
4035418 4040608
4040891 4041392
4042052 4043143
4043503 4044659
4045163 4045913
4046504 4047483
4048217 4048881
4049516 4050033
4050681 4050916
4051432 4053688
4054316 4057375
4058291 4058712
4059513 4062398
4063163 4065523
4066031 4068571
4069086 4071454
4072009 4072146
4072685 4074081
4074834 4076177
4076856 4080829
4081577 4083535
4084610 4093641
4094148 4094768
4095384 4096782
4097336 4097590
4098549 4099949
4100464 4101179
4101869 4102278
4102803 4107165
4107757 4114786
4115634 4118852
4119488 4121336
4121871 4122617
4123317 4123473
4123973 4125473
4126056 4128122
4128734 4130575
4131188 4132365
4133092 4133332
4134406 4135018
4135573 4136088
4136684 4137292
4137821 4138433
4139029 4141084
4141959 4142580
4143129 4143672
4144748 4144946
4146657 4148521
4149184 4149350
4150112 4153930
4154808 4155758
4156320 4158743
4159267 4159955
4160557 4160965
4162183 4163610
4164128 4164402
4165336 4172063
4172870 4175230
4175488 4175782
4177772 4178287
4179148 4179301
4179864 4185230
4185780 4186588
4187093 4189912
4190479 4191318
4192039 4192786
4193562 4195164
4195725 4199949
4200460 4202195
4202755 4207104
4207681 4208000
4209703 4213138
4213974 4215171
4215815 4216768
4217402 4218540
4219537 4221003
4222328 4222545
4223051 4223535
4224767 4225572
4226081 4227080
4227585 4227871
4229797 4230207
4231296 4231827
4232486 4238466
4239081 4239298
4239889 4240807
4241560 4244046
4245078 4246345
4247098 4249823
4250352 4250696
4251466 4253165
4253674 4254571
4255074 4255828
4256493 4257297
4258025 4260923
4261832 4264678
4265301 4267227
4267977 4270375
4271151 4274041
4275281 4275579
4277070 4277863
4278386 4279948
4280667 4282354
4282438 4285368
4285776 4286659
4287264 4287651
4288580 4290082
4291409 4292053
4292619 4298367
4299899 4300702
4301384 4303995
4304564 4306186
4306746 4308835
4309535 4311745
4312268 4313345
4314076 4314287
4314934 4318910
4319829 4321720
4322257 4323251
4323756 4327200
4327802 4330871
4331441 4331554
4332192 4332594
4333917 4336269
4336922 4338862
4339371 4339693
4340808 4342267
4343727 4348765
4349696 4352582
4353288 4354311
4354817 4355414
4356118 4358423
4359343 4361231
4362357 4363140
4364214 4365380
4366120 4367501
4368232 4368380
4369022 4370362
4371060 4374637
4377387 4377796
4378571 4380204
4381278 4382093
4383094 4384041
4384640 4384874
4385721 4385916
4386628 4388201
4388824 4389109
4389716 4389990
4390862 4392518
4393240 4393857
4394375 4395617
4396189 4397992
4398705 4399258
4399915 4402079
4402706 4406687
4407072 4408304
4409008 4411230
4411767 4416659
4417676 4420151
4422488 4423998
4424521 4425102
4426537 4426898
4427433 4429569
4430078 4431780
4432352 4433170
4433718 4434762
4435427 4435557
4436105 4436296
4437172 4439198
4440797 4442329
4442933 4443638
4444187 4444323
4444949 4446009
4447154 4447638
4448258 4449494
4450230 4452937
4455803 4460954
4461330 4463890
4464462 4466146
4466244 4466475
4467186 4470455
4470992 4472420
4473312 4474569
4475341 4475723
4476504 4479948
4480546 4483639
4484362 4487590
4488112 4488716
4489245 4490765
4491774 4492421
4493009 4493267
4493587 4493895
4494670 4495098
4495892 4500278
4501123 4502385
4502999 4503969
4504734 4507442
4508889 4509558
4510307 4511491
4512025 4513440
4514553 4514782
4515390 4516084
4517073 4528082
4528719 4529156
4529946 4530882
4531927 4533458
4534024 4534512
4534789 4536465
4537017 4539287
4539952 4543535
4544595 4545324
4545932 4546052
4546861 4547316
4547884 4551741
4552542 4554515
4555111 4557767
4558299 4559992
4561102 4561189
4561999 4564177
4564933 4565491
4566991 4568382
4569178 4570656
4571185 4575265
4575929 4577864
4578652 4580353
4581109 4582238
4582839 4582903
4583698 4584162
4585306 4586465
4587278 4587938
4588475 4588755
4589368 4592814
4593418 4594834
4595971 4596513
4597033 4602458
4602988 4603999
4604616 4605610
4606167 4607452
4608283 4610261
4610979 4611768
4612867 4613536
4614174 4616175
4616817 4617109
4617662 4618399
4618897 4620262
4620786 4622043
4622602 4622675
4624426 4627261
4628150 4629656
4630471 4633194
4634675 4635513
4636401 4636516
4637351 4638003
4638568 4640868
