gi|556503834|ref|NC_000913.3|_Escherichia_coli_str._K-12_substr._MG1655__complete_genome
1 386
1207 4752
5512 6075
6668 6807
7480 10144
11081 11357
12103 12917
13504 13880
14672 14845
15380 17996
19176 19262
20893 22747
23590 25711
26983 28118
28754 28949
29687 30680
32265 32761
33270 34148
34691 35178
35816 39199
39753 41828
41960 50567
51171 51438
52052 52202
53544 54557
56115 57130
57789 61104
61904 63505
64321 65376
66184 67401
68283 68796
69369 70402
71834 72190
72365 72702
74199 74739
75487 76564
77764 78272
78837 81514
82139 85979
87453 89338
90057 91414
92175 93669
95303 95627
96281 96598
97268 98989
100552 106230
106842 109517
110339 110810
111466 113008
113631 117395
118012 119144
120524 122267
123578 124303
124894 127797
127965 128840
129424 132192
132742 133748
134283 134806
135499 139159
139907 141479
142011 146038
146576 149532
150083 152183
152736 154120
154625 154954
155501 155632
156492 159644
160159 161107
161926 162893
163678 164834
165376 166512
167710 168769
169380 174818
176331 176532
177077 177236
177732 181485
182281 183586
184542 185302
186014 187917
189211 190716
191339 192066
193851 193941
194883 196659
197287 199100
200616 201713
202290 202508
203058 203505
204095 204213
205072 205488
206014 208981
209869 214183
214739 215021
215575 216569
217360 219985
220645 222243
222896 229482
230222 233532
234691 239097
239931 240709
241281 241343
242459 243501
244034 244739
245447 245779
246327 250964
251567 253022
253421 253904
254438 254784
255338 256252
257348 258964
259519 262995
263801 269320
270181 272376
273810 283284
283786 285550
286122 286464
286968 288270
288792 292394
292980 293756
294471 296450
297499 298105
298610 299308
299913 304229
304868 305016
305832 305929
306596 308930
309660 312288
312910 314735
315259 319637
320215 322895
323526 326087
326585 326896
327515 328488
328811 329255
329881 333081
333625 334355
335094 336057
337296 340934
341807 343488
344101 344668
345569 347560
348435 351258
352008 352880
353397 357761
358313 361199
361715 361974
362487 363105
363723 364645
365951 366743
366925 367166
367931 371713
372236 373774
374295 376178
376763 377760
378770 380289
380906 381884
382591 384327
385026 385286
385882 392939
393985 394080
394678 398470
399413 400140
401314 406613
407175 407512
408094 413244
414781 419052
419841 420761
421327 422704
423225 428046
428580 428842
429382 434030
434576 435475
435977 437172
437999 440066
440598 441273
441815 442113
442742 448259
449308 450169
450733 452073
452742 454014
454578 455693
456201 457215
458062 463509
464025 465382
465925 466761
467488 470854
471590 472035
472988 479406
480035 480883
481981 484860
485409 486296
486927 487388
487708 488796
489762 493074
493249 496728
497396 502228
503502 504201
504732 506451
507044 507140
507822 511433
512035 516321
516945 518627
519307 519407
520183 520373
521050 525441
526825 527271
527530 528583
529313 530065
530822 532567
533224 535919
537251 537813
538318 539959
540725 545786
547333 547396
548525 548987
549611 551479
552205 557530
558080 561656
562198 566007
568257 568583
569096 570988
572049 573347
573969 574590
575790 576427
576944 577424
579376 580081
582076 583221
584184 587891
588916 590802
591354 593214
593828 594216
594779 595620
596477 597436
598483 599491
600616 602797
603317 605172
606024 607794
608033 610224
611065 611120
612984 615893
616523 620128
620865 624748
625886 625959
626676 627941
629221 638111
638673 640378
641014 641471
641996 643662
643993 646566
647070 648207
649414 649951
651054 659136
659697 660663
661278 662041
662674 663260
663762 670816
671510 671621
672816 673360
673943 674762
675414 675936
676870 677758
678423 678892
679422 679607
680182 681858
682536 684638
684873 685007
685844 685946
687262 689712
690940 691699
692437 695367
695991 698579
699122 700321
700564 702444
703346 704072
704803 706416
707111 709579
711313 714014
714585 717167
717696 719928
720459 720650
721270 722764
724279 725554
726152 733499
734169 735571
736682 744000
744671 745593
746439 748409
749669 751352
751852 753943
754550 755819
756165 757028
757768 759907
760748 762141
763561 764692
765289 765384
765898 767228
767881 768404
768921 769335
769943 772679
773315 774381
775422 781948
782492 783557
784168 788288
789443 790199
790757 791607
792659 794525
795036 797180
798222 799405
800047 803886
805474 805945
806576 808388
809103 810946
811590 812705
813432 816105
816613 816733
817431 818872
819406 821483
822005 823700
824389 824473
825011 825132
826817 831217
831929 835181
836110 836277
836917 838603
839840 839889
840484 841198
843173 843802
844365 846322
846859 849171
849517 850832
851358 852423
853099 855934
856620 863252
863929 865419
865953 866398
868085 868483
869713 870867
871848 875660
876729 879935
881132 881789
882355 882844
883662 885924
886677 887050
887595 887962
888601 889288
889814 892463
893245 896536
897118 897713
898238 898739
899343 901398
902002 903120
904703 905207
905731 906285
906835 907036
907921 908412
909004 910790
911362 911968
913451 913844
914444 914692
915329 915799
916463 917771
918465 919354
919918 920821
921340 921423
921983 923094
923751 924680
924895 927046
927605 927693
928457 929217
929894 930191
931096 932286
932945 934034
934751 935210
935516 935596
935896 938503
939062 942243
942901 943534
944079 945353
945935 949334
949896 955372
955998 956841
957759 958123
958696 960517
961125 961386
961898 964340
964884 966824
967372 967862
968096 968238
969243 970060
970619 970724
972186 972709
973258 974377
975896 975986
976499 977063
977725 978168
979387 980071
980590 982453
983291 989371
990052 991393
992363 992953
994152 994350
994900 995374
995910 997453
998133 1006119
1006699 1008457
1008990 1009551
1010330 1013118
1013751 1014627
1015205 1015482
1016113 1016430
1017480 1019257
1019845 1021180
1021735 1024170
1026279 1026563
1027338 1030243
1030911 1032165
1032662 1032847
1033558 1041305
1041830 1043184
1043717 1044153
1044831 1046621
1047651 1054743
1055320 1056592
1057107 1059563
1060289 1066338
1067037 1067213
1067741 1071375
1071895 1071956
1072907 1073486
1074081 1075061
1076220 1076340
1077081 1077427
1078425 1081282
1082707 1083618
1084764 1085490
1087201 1087453
1088047 1088396
1089130 1089977
1090481 1091837
1092985 1093082
1093816 1098849
1099607 1100420
1100939 1101153
1102165 1105608
1106036 1109730
1110254 1111664
1112334 1119096
1119616 1121389
1121912 1122535
1123070 1123833
1124367 1125381
1126051 1128446
1129014 1129836
1130648 1133160
1134043 1136668
1137304 1140485
1141754 1141819
1142491 1144393
1144996 1145965
1147784 1149703
1150332 1152989
1153787 1155485
1156485 1156863
1157375 1157713
1158472 1158910
1160372 1161462
1162096 1162250
1162801 1162917
1163605 1164037
1164734 1166322
1166908 1169021
1170225 1170870
1171936 1172316
1173517 1174898
1175520 1179031
1180385 1180662
1181210 1183257
1184206 1188004
1188603 1188885
1189999 1191740
1192376 1193488
1194180 1194606
1196111 1202468
1203033 1204611
1206067 1206322
1206954 1207153
1207703 1208440
1209144 1210288
1211186 1211839
1212970 1214644
1215431 1215737
1216650 1217286
1218041 1220261
1220918 1225873
1226420 1226849
1227577 1232552
1233099 1233774
1234489 1237420
1238164 1240671
1241430 1246044
1246782 1247077
1247683 1248032
1249079 1250499
1251103 1252308
1252930 1255997
1256589 1257264
1257949 1258416
1259013 1259627
1260582 1264179
1264804 1265274
1265864 1267552
1268531 1270059
1270819 1271915
1272430 1273936
1274712 1275670
1276449 1277918
1280006 1280874
1281458 1281631
1282312 1285929
1286452 1288931
1289927 1291036
1292702 1293222
1293828 1296164
1296674 1296985
1297536 1298387
1298987 1301777
1302383 1303171
1303842 1305591
1306237 1307863
1308464 1309592
1310101 1310913
1311789 1313994
1314928 1317110
1317931 1320876
1321539 1327256
1328303 1329410
1331091 1332298
1332930 1335400
1336496 1337420
1337972 1338485
1339184 1341511
1342029 1342085
1342766 1343093
1343836 1345182
1345959 1346369
1347579 1349085
1349685 1352857
1353819 1354601
1355238 1355790
1356389 1357923
1358422 1360902
1361743 1363741
1364244 1369273
1370319 1371187
1371852 1373693
1374383 1374479
1375039 1375368
1376450 1379598
1380353 1380494
1381660 1382550
1382941 1383240
1384726 1385391
1386714 1389398
1390295 1392707
1393262 1400373
1401132 1406747
1407325 1408216
1409016 1411486
1412527 1414435
1414998 1415207
1415748 1418829
1419569 1421512
1422091 1424733
1425670 1428776
1429580 1430913
1432594 1434737
1435456 1436786
1437824 1440049
1440467 1440742
1441249 1443566
1444187 1444259
1444824 1445201
1445733 1448439
1449242 1449986
1450656 1457120
1457620 1457990
1458599 1458961
1459859 1461057
1461650 1462548
1463175 1463970
1464530 1464947
1466163 1468582
1470517 1473081
1473657 1477038
1479223 1480506
1481061 1483906
1484416 1484493
1485178 1485609
1486299 1486799
1487779 1488733
1489293 1490929
1491609 1492599
1493099 1495303
1495976 1496465
1497127 1497176
1498013 1499393
1500716 1501028
1501717 1502788
1503742 1504990
1505665 1506192
1507344 1508772
1509435 1514471
1516023 1516147
1516700 1519410
1519931 1520359
1520939 1523114
1524505 1526082
1527014 1533624
1534129 1537832
1538141 1540145
1540691 1541223
1541739 1542039
1542651 1543774
1544330 1546189
1547313 1547880
1548949 1550543
1551060 1553151
1553800 1554623
1555503 1558736
1559329 1559863
1561249 1562346
1563396 1564073
1564626 1564727
1565267 1565318
1566677 1567419
1568384 1572063
1572586 1573080
1573863 1575049
1576141 1576283
1576831 1577114
1577711 1578223
1579339 1580278
1581021 1581711
1583456 1584026
1584540 1584679
1585411 1588882
1589445 1589611
1591049 1591421
1592074 1592792
1593241 1593298
1593900 1595531
1596770 1596888
1597422 1601379
1602294 1602421
1604036 1604300
1605103 1606153
1606669 1609336
1610092 1611497
1612024 1613434
1613973 1616813
1617452 1618262
1618792 1623464
1624605 1625117
1625664 1627733
1628982 1629390
1629983 1631244
1631844 1632468
1634740 1635248
1636919 1637265
1637830 1638901
1639421 1640783
1641689 1650061
1650565 1652569
1653190 1653340
1653966 1654523
1655129 1657137
1658270 1660461
1661044 1662968
1663497 1663585
1664174 1667480
1667994 1669414
1670715 1673356
1673955 1674329
1674891 1676108
1676656 1680168
1680689 1688877
1689631 1693099
1695022 1695940
1696629 1697068
1697608 1698213
1698896 1699522
1700021 1700285
1700882 1701251
1701811 1703096
1703860 1704862
1705471 1707648
1708210 1709996
1710557 1713655
1714659 1715588
1716149 1717887
1718477 1720980
1721654 1723602
1724360 1740780
1741405 1742011
1742592 1745052
1745640 1745812
1746433 1748875
1749618 1754755
1755274 1756287
1757567 1759558
1760110 1761207
1761754 1762071
1762752 1762809
1763865 1764135
1764774 1765501
1766425 1768124
1768756 1768935
1769494 1771078
1773208 1773301
1773824 1774453
1774957 1776416
1777155 1777536
1778065 1779589
1780439 1781708
1782437 1785981
1786482 1787319
1787818 1788090
1788929 1789435
1789953 1790724
1792689 1794864
1795507 1796102
1796625 1799508
1800029 1800906
1801460 1801686
1802319 1805122
1805865 1807914
1810065 1813243
1813485 1814370
1815505 1817169
1818804 1821052
1822536 1827792
1829028 1829647
1830252 1831256
1831807 1833432
1834057 1837689
1838196 1838678
1839187 1840665
1841208 1842936
1843583 1844631
1846242 1849512
1850021 1851066
1851818 1852511
1853048 1855660
1856242 1856608
1857304 1857638
1858387 1858469
1859097 1860842
1861448 1864585
1865346 1867321
1867884 1868463
1869538 1870041
1870550 1871156
1872076 1875189
1875753 1878174
1878810 1883710
1884842 1890035
1891081 1891966
1893070 1894143
1895136 1897065
1897846 1900706
1901547 1902284
1902583 1911070
1911603 1914949
1915466 1916959
1918111 1918389
1918897 1921731
1922234 1923012
1925631 1926227
1926785 1928581
1929636 1930847
1931629 1932079
1932609 1934184
1934774 1940179
1941759 1942545
1943334 1944870
1945881 1945967
1946528 1946838
1949551 1951601
1952270 1953019
1953935 1957676
1958214 1960063
1962015 1962846
1963559 1964523
1964870 1965389
1965909 1968893
1969507 1972840
1974213 1974624
1975981 1980517
1981020 1988996
1990077 1995653
1996258 1997502
1998004 2004535
2005155 2007216
2007833 2008138
2008794 2020683
2021222 2022523
2023092 2023391
2025143 2026043
2026573 2027088
2028316 2029154
2030580 2033262
2033608 2033883
2034397 2034486
2035025 2036045
2036719 2040502
2041182 2042006
2042525 2043513
2044565 2047443
2048001 2048258
2049103 2049278
2050126 2052328
2052838 2053085
2053709 2054029
2054811 2054985
2055511 2057215
2058127 2059091
2059639 2061644
2062340 2064031
2064593 2065405
2065942 2072974
2073486 2074837
2075447 2078154
2078790 2079683
2080995 2081314
2082221 2083469
2084506 2085706
2086283 2086623
2087130 2088504
2089162 2094415
2094958 2095641
2096148 2096570
2097304 2097671
2098928 2099760
2101428 2106145
2106816 2107422
2110197 2113884
2114774 2118811
2119029 2119641
2120248 2120788
2121466 2121654
2122175 2123186
2125905 2132836
2133466 2134164
2135288 2136178
2136790 2137812
2138317 2138961
2140823 2141096
2141683 2143142
2143719 2146588
2146684 2146944
2147645 2148561
2149187 2150161
2150712 2151377
2151918 2152217
2152751 2154811
2155476 2156704
2157623 2160078
2160613 2162743
2163370 2163910
2164469 2164565
2165446 2165979
2166512 2167968
2169143 2173430
2173938 2174269
2174915 2178238
2179064 2180363
2181035 2181639
2182253 2184418
2185095 2186944
2187677 2193268
2194079 2194476
2195210 2196961
2197478 2198057
2198734 2198981
2199566 2200259
2201006 2201596
2202576 2203136
2203753 2205311
2206148 2206332
2206913 2207971
2208643 2209326
2209948 2210145
2210720 2213870
2215047 2215358
2216219 2217475
2219086 2219644
2220222 2225513
2226107 2229745
2230377 2230442
2231027 2235194
2235824 2236102
2236948 2237005
2237676 2238666
2239358 2240477
2242170 2244101
2244859 2247840
2248615 2251678
2252186 2253172
2253738 2256687
2257305 2259678
2260351 2261427
2261933 2262931
2263294 2263817
2264368 2265117
2265849 2266659
2267757 2268288
2268871 2272018
2273319 2277096
2277699 2277917
2278505 2278891
2279759 2281346
2282182 2283436
2284091 2285323
2286402 2294296
2295173 2296121
2296791 2297828
2298191 2300897
2301866 2303656
2304391 2305887
2307336 2317318
2317412 2319380
2319884 2319981
2321069 2323097
2324179 2329560
2330068 2330815
2331378 2336061
2336966 2337467
2338066 2338291
2338827 2339055
2339556 2340656
2341176 2341443
2342428 2347670
2348348 2349142
2349838 2351431
2352103 2354864
2355693 2355808
2356545 2363664
2364323 2368634
2369270 2372187
2372785 2373246
2373763 2374039
2374562 2375180
2375842 2376260
2376832 2377107
2377785 2379169
2379857 2379919
2381619 2384839
2385396 2385501
2386043 2388264
2389249 2389350
2389862 2390572
2391261 2394602
2395337 2396846
2397437 2398945
2399561 2399872
2400470 2400680
2401850 2403187
2404595 2407009
2407531 2408796
2409506 2411390
2412077 2418230
2418748 2419075
2419538 2420124
2420632 2423244
2423774 2424307
2424965 2426571
2427208 2431546
2432249 2434279
2434929 2440857
2441390 2442097
2442972 2443829
2444810 2444997
2445658 2449515
2450037 2452726
2453269 2453445
2453986 2454975
2455525 2455957
2457544 2458459
2459340 2460216
2460728 2461103
2461801 2463086
2463902 2464446
2464957 2466612
2467210 2467637
2468367 2469543
2470254 2470814
2471534 2473906
2475001 2477034
2477618 2478839
2479386 2479524
2480703 2482654
2483215 2486379
2487245 2487823
2488412 2490303
2491072 2494065
2494705 2496188
2496995 2500294
2500886 2501055
2501577 2501769
2503459 2506166
2507347 2510233
2510831 2514097
2515628 2523331
2524252 2526733
2527617 2528209
2529265 2531178
2531680 2534461
2535052 2536442
2537347 2540335
2540866 2541491
2542056 2543938
2544460 2548012
2548810 2549573
2550344 2553261
2554109 2558171
2558738 2559694
2560219 2562262
2562764 2565372
2566172 2568683
2569285 2569897
2570466 2572576
2573228 2577098
2577748 2580203
2580703 2581703
2582276 2582501
2583574 2583660
2585186 2585599
2586179 2586690
2587221 2587572
2588165 2588611
2589557 2590932
2591468 2596998
2598198 2601985
2602595 2603262
2603801 2605006
2605650 2606743
2607293 2609121
2609648 2610482
2611049 2612150
2613007 2613832
2614497 2618257
2619565 2621507
2622101 2622339
2622929 2623218
2623772 2624646
2625324 2625957
2626649 2627373
2628035 2628464
2629304 2631741
2632758 2634227
2635935 2636139
2636672 2637430
2638186 2639792
2640179 2640499
2642075 2642259
2642777 2644741
2645970 2646386
2647112 2647382
2648137 2652495
2653036 2654378
2654944 2655842
2656386 2663777
2664436 2665533
2666040 2666151
2666652 2666861
2667380 2667528
2668071 2669560
2670153 2671953
2672642 2675787
2676582 2676759
2677262 2678619
2679783 2681821
2682358 2688590
2689100 2693893
2694613 2695194
2695749 2695873
2696882 2697177
2697946 2698075
2699222 2700205
2700926 2701029
2702387 2702965
2703542 2704071
2706335 2708163
2708760 2710434
2710980 2711082
2712258 2712683
2713536 2717611
2718134 2720883
2721485 2723216
2723809 2724407
2725295 2731908
2732235 2733858
2734412 2734950
2735543 2737584
2738189 2740840
2741341 2741851
2742689 2747383
2747936 2748769
2749548 2751027
2751778 2753411
2754534 2755566
2756144 2756853
2757968 2759870
2760428 2761757
2762379 2763785
2764828 2769084
2770227 2770452
2771115 2771453
2772096 2772792
2773522 2774770
2775331 2778822
2779563 2780393
2781103 2782682
2783341 2783476
2784997 2785248
2785793 2788045
2788704 2789737
2790583 2790663
2792384 2798166
2798712 2800894
2802537 2803757
2804266 2804573
2805137 2806353
2807130 2807448
2808069 2808545
2809249 2809970
2812057 2815371
2816054 2817096
2817679 2819292
2819836 2821050
2821609 2823696
2824318 2826942
2827477 2827582
2828350 2829213
2830047 2831426
2832008 2833546
2834547 2835809
2836332 2840368
2841010 2842925
2843579 2844082
2844764 2847482
2850551 2852255
2852785 2854691
2855904 2856762
2857361 2861187
2862213 2862992
2863584 2865449
2865751 2866424
2867107 2867237
2868132 2869231
2870113 2871184
2871441 2872228
2872797 2873465
2874374 2876599
2877182 2879339
2880989 2881658
2882207 2882976
2883914 2886185
2887583 2889552
2890646 2891405
2891950 2892026
2892540 2895532
2896048 2896482
2897153 2898158
2899433 2902532
2903385 2906183
2906762 2908086
2910188 2910292
2911112 2913126
2914002 2917486
2917879 2918227
2918605 2919645
2919979 2920119
2920719 2922174
2922925 2923216
2924495 2926562
2927171 2931131
2931765 2932907
2933661 2936088
2936627 2937308
2937818 2939344
2939935 2941314
2942161 2942522
2943071 2943477
2945444 2946250
2947410 2949095
2950394 2950854
2951731 2953344
2953876 2954972
2956407 2959041
2959623 2962054
2962570 2964527
2965150 2965268
2966016 2966635
2967489 2970299
2971685 2971884
2972821 2977333
2977855 2981425
2982647 2984702
2985984 2987593
2988132 2989255
2989952 2990315
2991499 2992244
2992899 2993148
2994759 2995347
2996000 3001066
3001663 3002738
3003513 3008153
3008744 3008943
3009720 3011614
3011803 3013405
3014077 3016079
3016660 3018415
3018940 3020775
3023177 3025329
3025846 3028900
3029464 3033582
3034126 3036628
3037255 3037674
3038420 3039051
3040109 3042873
3043470 3046983
3047598 3048872
3050260 3052154
3052785 3054263
3054787 3056904
3057527 3059327
3061941 3063390
3064027 3064642
3065486 3067104
3067652 3068300
3069374 3072443
3073446 3075740
3076434 3078085
3078774 3081573
3082200 3083265
3084118 3084947
3086447 3086949
3087899 3089537
3090297 3092718
3093303 3097663
3098265 3098874
3099469 3104220
3104856 3105814
3106422 3106750
3107412 3111337
3112173 3112646
3113208 3113508
3114143 3119330
3119918 3120170
3120725 3123158
3123697 3124452
3125298 3126667
3127179 3127971
3128489 3131769
3132412 3134113
3135987 3136284
3137013 3138535
3139624 3139723
3140652 3143465
3143996 3144796
3145319 3147125
3149517 3153158
3154467 3154997
3155811 3156366
3157138 3159729
3161559 3162763
3163464 3164792
3166060 3167010
3167743 3168731
3169966 3172159
3172734 3173081
3173758 3174302
3174946 3177113
3177643 3179514
3180961 3183841
3184467 3189862
3190603 3192781
3193290 3195782
3196285 3196752
3197253 3198605
3199511 3200916
3201417 3202298
3203155 3204753
3205871 3206659
3207714 3208824
3209371 3213307
3213993 3216055
3216680 3220366
3220962 3221572
3222318 3223614
3224200 3224375
3224907 3225259
3227492 3227552
3228243 3232073
3232645 3238069
3238624 3241834
3242946 3243504
3244127 3245067
3245705 3246840
3247373 3248711
3249270 3251414
3252091 3255556
3256560 3260962
3263008 3263160
3264101 3268832
3269385 3270894
3271505 3274385
3276345 3278006
3278542 3279063
3279687 3280253
3280528 3282904
3284403 3288685
3289480 3290257
3290992 3291791
3292410 3298920
3299419 3300006
3300634 3303343
3304533 3304948
3305755 3306258
3307469 3308412
3309148 3310222
3310750 3310919
3311539 3311747
3313290 3313975
3314868 3318709
3319222 3319986
3320823 3325002
3325602 3328973
3330346 3331448
3332069 3332160
3332700 3334298
3335390 3337390
3338047 3339086
3339778 3341204
3341817 3345810
3346329 3346537
3347709 3348863
3351677 3352911
3353582 3355216
3356415 3357117
3357909 3360222
3360486 3361111
3362236 3363550
3363921 3364326
3364859 3367990
3368602 3368671
3369191 3373084
3373583 3377474
3378066 3378457
3379125 3379220
3379841 3381524
3382410 3384473
3385011 3386519
3387302 3388093
3388704 3391593
3392097 3393220
3393748 3394456
3396342 3399125
3399777 3400629
3400865 3406270
3406850 3407044
3408577 3409873
3410448 3411532
3412092 3416406
3416964 3420352
3420883 3421017
3422217 3422550
3423291 3429552
3430181 3430529
3431158 3435587
3436295 3439974
3440487 3442932
3443493 3445161
3445727 3447964
3448510 3448601
3449125 3449853
3450571 3451265
3451816 3460027
3460575 3460690
3461197 3461656
3462219 3463117
3463669 3466772
3467314 3469131
3469886 3471371
3472745 3473628
3474213 3479967
3480656 3482894
3483718 3483866
3484522 3486692
3487274 3489570
3490879 3492029
3492768 3493698
3494767 3495441
3495542 3496198
3496838 3498127
3498604 3500157
3501410 3503138
3503918 3509169
3509793 3520073
3520807 3521347
3522998 3526848
3528289 3533660
3534162 3534397
3535149 3535877
3536592 3537335
3537899 3541617
3542769 3542846
3543432 3543938
3545281 3548560
3549110 3549520
3550209 3551363
3551896 3552846
3553544 3554487
3555974 3558102
3558749 3559406
3559979 3561338
3562016 3562717
3563557 3564339
3564890 3566544
3567307 3568816
3569640 3569697
3570851 3571036
3571707 3572673
3573213 3575179
3575723 3576323
3576882 3577138
3577710 3586567
3587878 3593488
3594232 3596806
3597992 3601958
3602522 3603687
3604456 3607648
3608724 3614824
3616174 3617205
3617758 3619088
3622881 3623059
3623864 3624233
3625514 3626704
3627269 3629229
3629960 3630033
3631034 3633276
3633921 3635262
3636248 3642782
3643436 3643539
3645049 3649169
3649714 3651408
3652051 3655539
3656168 3656404
3657625 3658563
3659076 3659460
3661287 3661673
3662589 3662726
3663131 3663426
3664632 3664869
3665298 3665822
3667867 3670834
3671902 3672343
3672989 3673478
3674102 3674437
3674777 3676398
3676925 3679545
3680332 3680816
3682252 3684228
3684969 3685022
3686182 3687435
3687731 3688092
3688766 3689422
3690045 3690512
3691025 3691459
3693589 3694935
3695511 3698607
3699302 3701570
3702385 3702502
3703075 3703821
3705147 3707342
3707864 3709196
3709763 3710876
3711646 3712214
3713022 3714113
3716428 3716579
3717086 3718132
3718755 3721555
3722156 3722701
3723568 3723727
3725200 3728673
3729194 3730190
3730742 3733455
3734049 3734863
3735510 3736253
3738063 3742307
3744387 3746448
3747064 3749820
3750451 3750531
3751071 3756122
3756730 3757933
3758624 3759785
3760339 3760636
3761753 3768038
3768586 3771539
3772079 3772635
3773763 3775558
3776269 3778992
3779848 3781594
3782819 3783781
3784338 3786322
3787401 3787758
3788413 3791728
3792240 3793393
3794026 3794413
3795033 3796244
3796918 3797167
3797879 3798873
3799502 3804831
3805343 3806792
3807570 3810294
3810837 3811997
3813054 3813275
3813938 3814667
3815332 3815877
3816580 3817150
3817897 3818813
3819314 3820753
3821559 3823657
3824278 3827324
3828600 3832042
3832700 3832782
3834354 3834848
3835561 3836312
3837247 3838486
3839250 3839361
3840131 3842272
3842826 3844508
3845107 3845804
3846483 3847681
3848214 3853376
3854397 3855082
3855701 3856705
3858066 3858639
3859332 3861727
3862724 3864173
3864750 3871824
3872354 3875181
3876702 3877847
3878420 3879169
3879857 3880574
3881097 3881640
3882208 3885964
3886670 3888340
3889219 3892157
3892751 3893142
3893745 3893873
3894498 3896813
3897454 3897857
3898594 3900502
3901332 3904171
3905577 3906052
3906620 3907470
3908234 3908488
3908862 3914252
3914859 3916065
3916659 3917773
3918343 3919231
3919387 3920592
3922217 3923982
3924514 3925930
3926705 3930866
3932040 3933160
3933547 3935515
3936034 3936928
3937661 3937733
3938269 3946918
3947431 3949567
3950172 3951291
3951587 3954863
3955402 3957240
3957756 3959557
3960170 3961949
3962659 3964951
3966109 3966443
3966937 3967306
3968045 3968802
3969458 3970293
3970950 3971137
3972023 3977288
3977826 3978297
3978820 3979342
3980230 3980824
3981756 3989716
3990517 3993650
3994307 3995420
3996621 4000365
4002576 4004004
4004849 4006459
4007048 4007318
4008011 4008118
4008434 4008735
4009871 4012438
4014460 4018430
4019058 4019438
4020058 4020859
4021374 4022956
4023556 4024765
4025323 4026580
4027271 4033979
4034900 4042296
4043060 4044851
4045714 4045879
4046473 4047475
4048228 4048513
4049139 4050495
4051153 4053878
4054238 4054573
4055267 4056526
4057030 4057951
4058478 4062132
4063015 4064677
4065210 4067830
4068561 4068925
4069491 4072801
4073516 4073947
4074687 4076290
4077058 4077206
4077730 4082010
4082648 4083007
4084476 4085796
4086410 4087378
4087999 4088314
4088918 4089376
4089877 4093059
4093560 4093624
4094259 4094830
4095516 4100390
4100977 4103557
4104617 4108097
4108628 4109062
4109745 4110871
4111722 4111792
4113046 4113114
4113635 4114764
4115284 4115938
4116455 4116744
4118477 4121736
4122412 4128277
4128945 4129378
4130006 4130117
4131255 4132573
4133121 4133965
4134497 4134740
4135274 4135751
4136626 4136833
4137528 4139549
4140147 4141354
4142736 4144151
4144693 4146357
4146924 4147565
4148093 4149712
4150375 4150813
4151636 4152321
4152922 4160298
4161828 4162870
4163506 4165184
4165750 4165932
4166546 4168620
4172056 4175801
4177254 4177557
4178129 4178455
4179152 4180120
4180626 4181739
4183191 4184972
4185520 4187974
4189619 4191403
4191916 4192134
4193218 4194317
4195453 4197618
4198124 4202915
4203764 4204539
4205243 4208000
4209733 4214913
4215438 4216141
4218187 4218994
4219718 4220221
4221199 4221702
4222221 4222685
4223196 4223443
4224518 4224978
4225569 4229579
4230205 4231256
4231828 4232440
4233112 4239490
4240073 4240840
4241460 4241531
4242016 4246337
4246965 4247016
4247582 4248155
4249015 4250982
4252731 4253426
4253955 4255128
4255683 4260520
4261950 4264171
4265952 4269996
4271487 4272026
4272758 4275562
4276195 4276805
4278230 4284735
4285326 4285755
4286182 4287362
4287872 4288322
4289349 4293444
4293750 4293931
4295573 4299370
4300581 4301828
4302338 4303541
4304458 4305425
4306142 4310000
4310818 4314296
4314887 4315582
4316146 4323295
4323806 4324743
4325639 4328000
4328525 4328795
4329586 4331457
4331972 4332441
4333478 4334644
4335476 4335569
4336133 4337380
4337501 4338788
4339343 4341384
4342102 4343936
4344891 4346057
4346849 4347395
4348115 4349117
4349680 4351045
4351731 4355763
4356351 4357485
4358145 4358564
4359183 4359395
4360918 4362629
4363435 4364606
4365712 4365822
4367170 4368357
4369447 4370185
4371958 4374887
4375423 4376431
4377052 4377332
4378237 4379893
4381038 4381093
4381595 4383713
4385753 4387364
4388229 4388295
4388960 4389248
4389933 4392625
4393127 4393357
4393858 4394615
4395434 4400517
4401033 4401443
4401966 4405045
4405665 4406278
4407354 4408069
4409175 4412390
4413045 4415956
4416499 4417693
4418792 4421555
4422190 4422425
4423271 4424664
4425992 4427303
4428138 4428451
4429152 4430385
4431499 4431701
4432960 4433454
4434713 4435264
4435795 4436071
4436800 4436931
4438263 4438635
4439143 4440215
4440826 4442281
4443100 4444696
4445397 4446076
4446594 4447024
4447727 4448095
4448613 4449010
4449831 4450382
4450920 4453333
4454047 4454584
4455699 4455840
4456377 4457202
4457948 4460770
4461317 4462862
4463380 4471826
4472636 4473037
4473577 4474348
4474975 4478427
4478963 4481643
4482325 4483251
4483932 4484788
4486532 4487405
4487835 4488109
4488542 4490026
4490602 4490823
4491470 4491536
4492894 4497589
4498214 4499864
4500369 4501436
4502336 4505039
4507478 4509006
4509342 4509450
4510387 4517846
4518524 4525217
4525731 4527987
4528858 4529021
4529701 4529776
4530397 4532046
4532939 4533199
4533794 4535316
4535894 4537851
4539101 4542066
4542786 4547222
4547916 4548382
4549753 4550796
4551499 4552440
4553097 4553908
4554536 4556701
4557329 4557733
4558323 4559483
4560115 4561301
4561900 4562496
4563181 4563329
4563862 4565733
4566619 4567117
4568507 4569472
4570012 4571008
4571576 4573650
4574236 4578661
4580898 4581368
4582051 4582206
4582415 4583117
4584888 4586214
4586882 4587279
4587779 4590105
4590302 4592198
4592465 4593047
4593560 4594286
4594880 4595476
4596083 4596309
4596856 4598671
4599295 4599950
4600892 4606690
4607545 4608668
4609860 4610140
4611519 4612234
4613048 4613674
4614397 4615999
4616869 4617254
4617835 4619068
4619696 4620026
4620952 4623995
4624549 4625471
4626418 4633746
4634413 4635964
4637243 4637591
4638453 4640224
4640948 4641652
