gi|556503834|ref|NC_000913.3|_Escherichia_coli_str._K-12_substr._MG1655__complete_genome
1 2734
3457 5639
6389 6830
7522 10908
12225 14000
14563 15166
16742 17034
18464 21542
22272 23608
24250 27826
28662 28829
29580 31006
31542 33676
36309 36487
37021 37194
37759 37813
38526 41329
41874 43623
44210 49219
49788 50538
51170 51585
52218 52418
53054 53249
53760 55268
56087 59430
60060 60499
61109 63361
64012 65098
65614 68596
69212 71360
71871 73385
73930 75652
76326 76384
77027 79102
79618 79883
80742 81437
83688 85738
86747 87407
88044 91269
92603 96400
97026 99564
100735 104193
105084 105313
106076 106290
106959 109050
109740 116642
117207 122561
123182 127797
128409 130390
131476 132535
133082 133766
134305 134987
135943 138181
138776 143514
144058 144776
145797 151052
151674 155409
156266 156606
157363 158056
159648 161352
161960 164951
165840 166425
166935 166998
167505 167749
168543 168855
169404 170071
170578 172225
173541 173609
174417 175254
176329 177323
178146 178847
179554 180433
180707 182471
183284 186451
187069 188425
189048 189214
189876 192733
193731 194376
194879 197770
198277 201577
202154 203492
204032 207560
208310 208840
209463 209663
210323 210814
211482 213138
213641 214147
214719 216520
217035 217721
218458 219271
220012 221616
222121 222302
222858 225738
229007 229151
229783 229960
230686 233242
233919 234456
235237 236930
238457 239537
240732 241113
241681 241821
243412 244977
245552 245994
246627 247523
248048 249041
249613 249882
251418 251809
252551 253040
253421 254910
256057 256140
257287 257505
258676 258830
259899 264020
264577 264972
265457 268895
269520 271881
273136 275254
276076 276420
276570 276833
277737 282159
282622 282769
282947 285384
286248 286399
287157 288598
289252 289755
290228 296476
296984 297579
298179 300097
300738 303932
304312 306380
307012 310782
311560 312034
312738 312885
313541 314061
315172 318244
319051 319741
320695 321489
322911 328708
329259 329817
330369 331625
332295 332901
333515 333579
334674 335237
335835 336768
337439 338816
339366 342642
343262 345385
345921 346252
346783 352060
352664 354927
356072 358382
359288 359347
360374 365839
367300 368108
368885 369510
370081 371776
372441 378662
379452 382591
383328 386418
387147 387238
387836 388040
389057 389360
389934 390195
391402 393591
395200 395292
396541 397148
398136 399505
400047 402457
403067 406100
406649 408113
409090 410286
410832 411650
412890 412942
413559 414643
415291 417227
417979 418205
419309 419413
420085 420565
421246 423095
424515 427432
429035 431911
432643 432821
433863 438601
439126 439453
439996 441283
441822 446965
447496 450681
451588 454296
455141 455375
455923 456184
456790 457404
457936 458281
458898 459307
460615 464629
465275 467136
467714 468175
468761 470049
470898 471044
471775 472539
473090 473560
475033 476753
477296 486283
486891 487695
488292 488402
489053 497311
498952 501489
502773 502962
503549 504878
505417 509327
509859 511312
512115 515599
516227 517897
518506 519149
520587 521972
523104 524477
525079 531348
532183 533146
533961 534248
536055 536786
537616 541593
542306 544701
546177 546735
547569 549034
549615 554096
554832 556128
556633 557601
558190 558372
558889 560168
560951 561940
562767 565684
568036 571308
571869 572100
572785 572968
574050 574346
575790 575913
576195 578126
578718 578958
579537 580592
581381 585189
586073 590337
591638 594223
594794 595480
596014 598550
599555 599736
600619 601418
602427 606040
606685 614216
614862 619038
619842 621970
622487 624041
624615 624761
625863 626031
626972 628173
630114 632868
633370 635830
636384 637239
638031 638992
639556 640630
641234 645764
646329 647249
647873 648217
649520 650402
651688 652514
653099 656629
657339 657886
658512 660868
661470 668538
669156 669657
670802 672017
672826 673993
674736 677031
677560 679777
679880 680876
681602 682690
683307 685081
685602 686128
686647 686719
687293 689465
690633 691537
692063 694625
695365 698284
699082 699659
700467 700968
701553 703124
703758 703923
704656 705252
705758 706455
706679 708516
709048 709378
709484 710462
711022 711975
712666 713179
713763 715342
716017 716531
717228 718447
718691 719437
720373 724790
725386 725743
726381 727784
729152 733616
734151 735125
735636 736648
737972 740221
740782 742518
743181 743604
744518 744676
745432 752077
752675 752942
753664 756394
757977 760311
760912 763518
764055 766935
767723 775633
776280 778298
778886 780101
780632 781576
781668 782360
783017 784175
784864 785285
786433 790218
791138 791573
792386 792496
793196 793447
793995 794082
794669 800538
801109 804409
805021 805085
805730 807301
808431 809534
810062 811072
811814 812352
813094 817330
817837 818398
818523 819405
819915 821255
822057 823971
824748 829344
829853 831739
832318 834080
835606 840881
841481 843437
844024 844480
845107 847374
848559 850235
851104 851494
852142 852443
854184 855560
856460 859578
860219 860288
861041 865264
866308 866438
867299 869843
870630 878584
879244 879489
880118 880171
880960 883191
883889 884981
885917 890561
892222 894237
895343 898552
899203 903796
904355 905173
905682 906117
906731 907216
907737 908273
908776 909358
910204 912650
913336 915797
916458 917752
918431 919174
919740 919891
920852 922162
922859 926003
927387 927662
929161 929580
931021 931854
933231 933298
934481 935283
936023 941310
941828 945166
945740 946289
946807 947790
948297 950926
951864 952066
952977 953262
954193 957506
958090 961234
962281 963924
964519 965081
965744 966314
966817 967870
968398 968740
969595 970046
970596 970995
972218 975639
976151 976203
976720 977237
977738 979698
980325 985331
986050 986453
986584 990278
990987 991298
992216 993743
994251 994579
995219 995492
996914 997418
997930 998400
999033 999913
1001520 1002478
1003198 1005847
1006414 1007138
1008309 1011902
1012624 1014056
1014603 1014883
1016250 1023224
1023790 1026258
1026970 1029034
1030189 1030955
1031697 1032764
1033365 1033646
1034532 1035026
1035589 1037137
1037760 1038953
1039656 1040358
1041531 1042984
1043527 1044584
1046528 1047625
1048452 1048904
1049435 1052575
1053142 1053652
1054259 1054943
1055685 1061712
1062439 1063956
1065971 1066157
1067531 1069590
1070303 1070846
1071557 1071648
1072310 1073008
1073767 1077190
1077915 1079105
1079616 1079898
1080464 1083312
1084140 1085084
1085619 1086543
1087061 1091960
1092940 1093908
1095504 1099898
1100483 1100906
1101476 1104611
1105272 1108063
1108636 1111059
1111194 1112244
1112920 1117039
1117970 1120674
1121385 1121440
1122064 1123680
1124207 1125036
1126944 1127545
1128087 1130422
1130927 1132048
1133437 1135088
1135600 1136307
1136835 1139235
1139929 1142032
1142640 1145407
1145948 1147379
1148332 1148450
1149630 1149776
1150626 1153866
1154389 1155238
1155941 1156154
1156863 1157251
1158014 1160955
1162238 1162534
1163982 1165259
1165771 1167135
1167756 1168041
1168295 1170818
1171472 1172111
1173052 1176195
1176709 1177322
1177837 1178614
1179475 1180683
1181495 1182667
1183294 1184325
1185150 1185391
1185984 1190650
1191207 1191995
1193300 1193369
1194126 1196208
1196769 1198839
1199371 1201174
1201696 1202065
1202843 1203164
1203931 1204190
1204767 1206706
1207805 1208240
1208952 1209948
1210576 1211187
1211579 1212683
1213233 1216010
1216577 1223147
1223918 1224399
1225063 1225891
1226652 1228104
1228984 1231812
1232326 1233646
1234699 1238873
1239421 1239921
1240456 1241680
1242292 1243827
1244921 1246549
1247010 1247244
1247934 1248531
1249473 1249815
1250381 1250790
1251651 1252200
1252711 1252816
1253613 1253711
1254293 1257265
1258572 1258860
1259860 1260615
1261135 1262388
1262946 1263749
1265169 1265527
1266398 1270040
1270830 1271056
1271640 1271779
1272313 1272983
1273551 1275509
1276095 1276282
1276843 1277661
1278897 1280479
1280999 1283362
1283751 1287751
1288297 1288827
1289433 1289977
1290766 1292517
1292784 1293407
1294275 1294769
1295405 1296388
1296953 1298066
1298846 1301730
1302293 1303976
1304588 1304759
1305273 1306456
1307055 1307644
1308418 1308737
1309953 1310724
1311283 1314020
1314559 1315810
1316340 1316722
1317339 1318665
1319781 1319875
1320476 1320886
1321969 1322027
1322992 1328130
1328720 1329441
1330078 1330741
1331388 1332661
1333229 1335042
1335927 1336678
1337274 1337348
1338218 1338981
1339694 1340074
1340730 1341031
1342359 1343812
1345216 1345790
1346495 1349546
1350071 1351064
1352233 1352517
1353029 1353967
1355112 1359612
1360156 1360917
1361761 1365299
1366241 1366881
1367534 1368200
1369166 1372061
1373366 1373906
1374500 1376096
1376840 1379323
1379825 1380398
1381126 1385732
1386413 1388021
1388536 1388921
1389549 1390056
1390923 1391386
1392265 1394177
1394786 1397809
1398324 1398434
1399651 1401477
1401837 1402019
1402623 1404251
1404803 1405131
1406868 1413745
1414283 1417146
1418332 1419588
1421334 1423070
1423570 1424407
1425443 1427253
1427773 1431561
1432087 1436489
1437408 1438712
1439377 1440048
1440688 1441398
1442240 1442482
1443246 1446188
1446690 1446766
1447429 1447805
1448360 1450889
1451536 1454828
1455376 1456288
1456837 1458112
1458763 1458815
1459228 1460547
1462143 1463758
1464302 1464935
1465479 1466981
1471126 1471717
1472490 1475551
1476151 1477126
1477763 1478874
1479594 1480885
1481483 1482081
1482809 1482932
1484236 1488424
1489228 1492690
1493431 1493783
1494740 1494832
1495425 1496163
1497070 1498522
1499084 1499601
1500333 1500440
1501969 1503559
1504159 1506490
1507290 1509749
1510315 1512107
1512694 1513202
1514519 1515085
1515594 1517949
1518848 1519031
1521447 1522740
1523272 1523487
1524179 1525977
1526694 1526758
1529299 1531084
1531692 1534372
1535409 1537508
1538319 1540412
1540984 1545876
1547349 1549158
1549751 1553054
1553680 1555987
1556654 1557652
1558261 1558864
1560880 1565876
1566392 1568610
1569329 1576371
1577010 1580560
1581184 1585798
1587500 1590489
1591320 1591990
1592552 1594185
1595165 1595295
1595913 1597115
1598322 1599571
1600494 1601695
1602808 1602886
1603427 1603829
1604537 1605857
1606703 1608147
1608813 1610557
1611608 1614578
1615177 1618130
1618736 1619935
1620689 1623539
1624133 1628577
1629246 1630510
1631215 1632155
1632552 1632907
1634482 1634699
1635575 1639068
1640028 1642124
1642634 1646584
1647100 1651799
1652432 1652813
1653394 1655249
1656214 1656754
1657745 1659239
1660196 1664295
1665111 1668924
1670632 1672668
1673300 1673457
1674013 1674506
1675026 1677009
1677627 1678970
1679745 1682009
1682978 1683938
1684594 1689977
1690547 1690601
1690912 1692759
1693668 1696443
1697033 1698831
1699332 1702867
1703273 1704323
1704830 1708144
1708743 1711164
1711860 1714763
1715935 1716999
1717753 1719815
1720739 1722402
1723176 1723961
1724576 1728067
1728951 1729863
1731114 1731222
1731750 1732731
1733420 1735141
1735830 1738082
1738911 1739365
1740033 1744699
1745315 1745757
1746470 1746550
1747211 1748144
1748700 1749549
1750356 1754153
1755747 1756852
1757608 1759525
1760361 1761562
1762147 1763698
1764222 1765190
1765746 1766172
1767394 1772641
1773189 1774063
1774819 1776891
1777529 1777815
1780000 1781228
1781733 1784781
1785657 1785929
1787563 1787849
1788909 1789748
1790274 1791066
1791636 1791694
1795134 1798456
1799087 1801522
1802209 1804486
1805121 1806159
1807121 1807973
1808539 1808908
1809993 1810714
1811420 1811825
1812760 1812946
1813619 1814770
1815370 1817167
1817680 1820146
1820714 1826326
1826842 1828604
1829117 1831098
1831612 1831949
1832450 1836558
1837156 1841359
1841883 1842761
1843366 1845666
1847014 1848114
1848799 1852365
1853107 1853834
1854608 1856615
1857214 1857468
1858024 1860773
1861329 1861448
1862731 1863966
1864600 1865398
1866053 1868096
1868814 1871610
1872253 1873021
1873949 1874737
1876128 1876315
1877466 1880563
1882605 1882984
1883549 1884698
1885392 1885606
1886176 1886380
1886897 1887276
1888024 1888428
1889231 1889912
1891894 1892012
1892570 1893583
1894109 1895322
1895944 1896173
1896691 1897294
1897847 1898011
1898187 1900310
1900853 1907411
1907917 1908074
1909613 1910945
1911446 1912302
1913088 1917528
1918726 1924647
1925177 1931982
1932517 1933552
1934560 1936072
1937345 1938174
1939120 1941047
1941760 1946289
1946859 1947157
1947691 1947781
1948333 1956762
1957853 1958880
1959475 1960209
1960782 1963012
1963527 1963917
1965350 1966456
1967029 1968795
1969502 1970073
1970586 1972552
1973116 1977359
1978103 1978502
1979410 1983881
1984683 1985447
1986053 1986564
1987859 1988858
1989694 1992631
1993159 1995958
1997028 1997412
1998451 1999423
1999794 2001288
2002000 2005353
2006278 2012844
2013447 2015415
2015971 2016289
2016934 2017453
2018036 2018213
2018715 2019003
2019505 2020636
2021380 2022747
2023300 2023455
2024126 2024354
2025801 2028082
2028818 2031550
2032171 2036240
2036886 2037763
2038704 2040237
2040923 2042507
2043085 2044294
2045187 2046026
2046752 2047912
2048665 2051708
2052256 2053910
2054425 2055742
2056250 2060475
2061089 2066155
2067752 2068418
2068962 2071410
2073356 2074017
2074511 2075570
2076452 2076690
2077451 2077752
2078300 2079656
2080146 2081826
2082329 2086409
2086970 2087494
2088695 2090039
2090658 2092154
2092724 2094408
2095378 2095611
2096430 2096654
2097284 2098228
2098803 2103104
2103693 2106613
2108168 2110994
2112579 2114263
2115003 2116102
2116892 2119262
2119884 2120127
2120714 2123300
2123888 2124974
2125760 2126480
2127745 2129850
2130590 2131023
2131923 2135595
2136191 2139440
2140323 2141044
2141641 2142140
2142674 2143422
2144040 2145840
2146462 2148922
2149464 2151696
2152355 2154998
2155515 2155821
2156337 2158320
2158978 2159186
2159930 2164700
2167010 2169103
2169678 2173314
2173937 2176415
2177180 2178127
2178851 2179640
2180451 2180905
2181625 2182071
2182253 2185716
2187878 2188062
2188598 2188803
2189580 2192464
2195222 2200478
2201053 2202363
2202899 2203163
2204057 2205697
2206372 2209516
2210391 2210908
2212026 2212777
2213369 2214445
2215014 2215907
2216757 2216976
2218182 2220996
2221660 2222924
2223661 2225416
2226652 2226739
2227694 2229705
2230922 2231026
2231561 2234507
2235126 2237260
2238068 2239034
2239828 2241574
2242224 2242776
2243741 2243810
2244352 2245272
2245859 2246881
2247906 2251935
2252833 2254210
2254747 2257055
2257749 2259608
2260172 2261806
2262460 2264152
2264913 2269096
2269457 2270655
2271266 2277711
2278487 2278712
2279252 2279455
2280106 2282211
2282855 2284161
2285568 2287384
2288366 2291689
2292487 2293088
2293672 2294266
2294774 2295481
2296183 2296666
2297396 2303992
2304311 2305451
2306033 2306832
2307138 2308514
2309865 2313246
2313897 2317154
2318077 2319338
2319478 2321315
2321828 2324048
2324573 2327982
2328731 2330682
2331191 2332701
2333324 2333830
2334386 2336275
2336942 2339228
2341223 2342614
2343629 2343995
2344711 2346069
2346601 2351439
2352149 2352395
2353417 2354882
2355447 2355581
2356129 2357203
2357749 2357801
2358151 2358502
2359299 2360062
2360569 2362453
2362953 2363196
2364038 2365888
2366521 2368188
2368789 2369027
2369547 2369785
2370548 2370989
2371494 2371773
2373285 2379212
2379886 2380877
2381471 2382607
2383329 2383407
2383927 2384389
2384975 2385734
2386257 2391988
2392482 2393106
2393681 2394147
2394671 2395826
2396552 2398109
2399239 2403282
2403915 2404076
2404652 2407497
2408415 2408501
2409004 2409711
2410378 2412352
2413471 2413986
2414637 2418876
2419501 2423722
2424595 2426559
2427070 2429007
2429506 2430017
2430724 2437922
2438539 2439828
2440623 2446275
2447367 2448122
2448982 2449588
2450094 2451751
2452425 2452692
2453231 2453425
2454225 2456019
2458061 2458582
2459130 2460240
2460618 2462001
2462502 2464231
2465097 2465840
2467122 2467347
2467956 2468470
2469147 2470328
2470833 2471242
2472124 2476535
2477386 2478525
2479264 2479805
2480366 2481627
2482043 2483431
2484052 2486737
2487322 2487776
2488405 2488647
2489147 2489501
2490412 2493111
2493690 2495666
2496163 2496228
2497101 2498096
2498672 2499548
2500089 2500613
2501238 2503664
2504235 2504310
2505399 2509497
2510604 2511405
2511983 2514262
2516485 2518505
2519408 2519748
2520263 2521515
2522169 2525489
2526407 2526662
2528504 2532609
2533305 2534024
2534717 2535419
2535939 2536899
2537651 2538756
2539467 2541960
2542554 2543829
2544497 2546487
2547173 2551175
2551725 2551844
2552640 2554313
2554987 2558746
2559611 2559836
2560825 2561602
2562394 2564059
2564572 2566454
2567127 2569250
2570240 2572631
2573154 2573569
2574649 2577821
2578497 2582559
2584057 2585458
2586049 2591578
2592388 2594856
2595366 2598451
2599992 2602752
2603373 2604117
2604676 2605522
2606350 2607433
2608601 2610165
2610808 2611807
2612398 2613216
2613633 2614380
2614981 2615835
2616434 2618036
2618769 2619459
2620523 2621317
2621923 2624222
2624739 2628947
2629605 2632513
2633107 2633403
2633900 2636218
2637123 2637262
2637971 2638569
2639149 2642973
2644454 2644984
2645493 2645581
2646205 2646431
2647135 2648353
2648865 2650734
2651420 2656615
2656876 2658460
2659007 2659733
2660346 2660620
2661182 2661407
2662108 2662491
2663067 2663173
2663864 2664360
2665058 2665414
2665921 2665978
2666741 2667559
2668401 2668517
2669066 2672087
2672828 2674802
2675500 2676076
2676703 2679581
2680313 2681126
2681682 2684277
2684818 2687303
2688827 2689909
2691806 2692429
2692954 2693419
2693995 2695268
2696533 2698709
2699556 2699888
2701528 2702886
2703420 2704323
2705036 2706158
2707315 2708119
2709435 2713034
2713648 2715301
2715965 2716811
2717324 2718617
2719122 2721768
2722321 2722924
2724343 2724396
2725014 2732834
2734152 2734241
2734843 2735128
2736642 2737391
2737990 2738523
2739152 2739627
2740179 2741265
2741862 2744037
2744575 2746691
2747716 2747993
2748885 2749490
2750033 2750667
2751177 2752115
2752708 2753525
2754228 2755128
2755821 2758117
2758644 2759763
2760341 2761260
2761858 2762267
2762996 2763789
2764457 2765993
2766523 2770032
2770756 2777152
2777655 2777884
2778491 2781666
2782321 2783411
2784339 2785761
2786570 2786899
2787982 2788243
2789321 2790736
2791295 2792107
2793136 2794735
2795692 2795876
2797098 2797844
2798123 2799034
2799869 2800925
2801479 2802791
2803390 2803679
2804212 2807141
2807877 2808292
2808862 2809034
2810003 2812405
2812951 2813269
2813982 2816805
2817695 2818992
2819654 2820008
2820522 2824391
2825017 2825986
2827335 2827541
2828134 2828609
2829293 2832954
2834700 2835229
2836328 2837334
2838530 2840707
2841540 2842473
2843037 2843747
2844331 2844909
2846218 2851969
2853052 2856404
2857392 2861594
2862512 2862673
2863219 2864899
2865459 2868175
2868848 2870592
2871168 2872852
2873648 2874493
2875061 2878675
2879228 2881943
2882459 2883344
2884021 2885658
2886167 2886574
2887394 2887455
2888158 2889315
2890075 2891368
2892066 2892504
2893044 2893818
2894485 2896050
2896772 2897227
2897843 2898014
2899170 2907053
2907682 2908115
2909048 2909739
2910299 2911135
2911638 2912274
2913157 2913768
2914550 2914961
2915544 2918206
2918786 2920004
2920897 2922723
2923238 2923695
2923836 2926260
2926950 2928597
2929253 2929630
2930215 2931401
2931918 2935332
2935888 2936953
2937989 2942151
2942712 2943522
2944164 2945040
2945925 2947010
2947427 2948224
2948877 2950887
2952114 2956698
2957291 2958496
2959245 2960544
2961329 2964696
2965259 2967434
2968466 2970778
2971418 2973970
2974507 2974844
2975451 2981047
2981723 2982471
2983046 2985362
2986221 2992225
2992892 2995011
2995592 2997665
2998184 3000500
3001620 3003396
3004001 3004241
3004451 3004817
3005547 3006388
3007224 3007853
3007974 3014973
3015553 3015688
3016309 3018823
3019440 3020860
3021520 3021586
3022111 3022336
3022910 3023113
3023838 3025378
3026481 3031071
3032066 3033669
3034192 3035315
3035928 3036982
3037909 3039981
3040577 3041061
3041797 3042396
3042921 3044366
3044917 3051778
3052430 3053940
3054479 3055491
3056067 3056954
3057811 3058633
3059445 3060420
3060997 3062008
3062590 3063839
3065243 3066460
3067075 3070091
3071224 3073497
3074221 3076598
3077604 3079890
3080557 3084034
3084897 3085113
3086221 3086559
3087314 3088816
3089717 3091121
3092139 3092651
3093392 3096365
3097083 3097559
3098756 3098810
3099551 3100453
3101284 3103642
3104327 3106393
3106922 3107329
3107795 3108598
3109215 3112152
3112661 3113445
3113982 3116936
3117518 3120214
3121047 3123648
3125493 3129275
3129987 3131513
3131873 3139684
3140259 3142902
3143691 3145678
3146436 3147225
3148060 3150073
3150639 3150787
3150902 3151358
3151945 3152243
3152824 3153385
3153883 3154425
3156542 3158304
3161359 3163165
3163743 3165544
3166216 3167716
3169145 3169235
3170801 3173901
3174425 3175304
3175874 3177756
3178331 3184729
3185364 3186036
3187428 3188508
3189275 3193103
3193930 3195755
3196450 3196760
3197268 3198297
3198955 3199278
3199891 3205065
3205657 3206090
3206717 3208031
3208552 3208933
3209667 3211291
3212648 3213241
3214517 3215597
3215803 3219113
3219810 3220088
3220603 3224352
3225231 3226151
3226793 3228661
3229282 3230116
3230750 3232066
3233134 3234231
3234671 3236855
3237505 3238860
3239438 3240162
3240800 3241423
3241959 3244763
3245288 3245943
3246551 3248080
3249148 3250174
3251603 3253891
3254510 3255281
3255908 3256133
3257486 3260031
3260680 3261966
3262546 3262804
3263496 3267946
3268458 3270953
3271073 3273890
3275137 3277946
3278447 3280182
3280712 3281224
3281737 3284366
3285062 3285847
3286399 3289678
3290262 3291565
3292204 3295344
3296020 3300070
3300730 3301023
3301554 3301689
3302377 3304498
3306124 3312269
3312928 3314662
3315168 3316714
3316836 3319980
3320754 3321335
3324019 3328069
3328571 3331185
3331940 3332260
3332791 3333053
3333554 3334143
3334720 3335018
3335742 3336775
3337365 3337682
3338226 3341365
3341968 3343479
3344063 3344822
3345042 3347996
3348539 3352686
3353378 3361886
3362492 3362782
3363674 3364704
3365366 3370505
3371313 3371533
3372130 3374563
3375127 3375470
3375982 3378100
3379711 3382472
3383303 3385113
3385671 3388724
3389238 3389590
3390527 3392673
3394136 3394380
3394986 3398332
3399152 3399447
3400202 3403482
3404091 3404290
3404800 3406132
3406821 3411120
3411726 3411964
3412471 3413737
3414241 3416606
3417298 3418779
3420034 3420652
3421395 3426811
3428909 3431847
3433694 3434905
3435507 3443068
3443620 3444192
3444928 3446742
3447231 3447743
3448285 3451053
3451270 3451632
3452300 3453342
3454420 3454799
3455691 3456944
3457492 3457932
3458484 3459694
3460235 3460751
3461370 3461442
3461963 3463073
3463591 3465117
3465696 3474873
3475450 3477819
3478341 3478728
3479257 3481798
3482337 3482803
3484052 3484599
3485201 3488418
3488941 3489976
3490547 3491050
3491760 3494612
3495238 3495849
3496404 3496531
3497180 3498192
3498983 3502135
3502689 3504332
3504822 3506629
3507144 3512729
3513311 3518517
3519067 3521286
3521914 3523792
3524657 3527059
3527679 3534059
3535769 3536846
3537484 3538255
3538811 3541819
3542608 3542899
3543485 3545343
3546227 3546601
3547154 3550591
3551219 3554633
3555207 3555979
3557295 3559063
3559376 3561436
3562047 3564033
3564845 3566890
3568270 3572035
3572597 3576319
3576905 3578546
3579126 3581159
3582012 3582714
3583343 3585965
3586584 3588766
3588947 3589729
3590394 3594273
3594814 3595349
3596691 3596865
3597668 3602061
3602645 3611171
3611684 3612266
3612908 3613162
3613666 3614690
3615235 3615410
3616061 3617008
3617510 3618840
3619621 3623834
3625817 3625899
3626427 3626839
3628410 3628974
3629625 3631510
3632329 3632924
3633541 3633816
3634320 3635253
3635873 3636375
3636916 3644814
3645846 3650766
3651344 3651550
3652054 3653209
3653715 3654639
3655334 3655662
3656338 3658130
3658715 3658902
3659476 3659976
3661076 3662378
3662897 3663050
3663642 3666068
3667663 3668027
3668550 3670431
3671357 3672824
3673361 3674623
3675671 3676405
3677348 3677889
3678569 3679827
3680420 3681072
3681839 3684531
3685257 3685976
3686662 3687908
3688824 3689267
3690125 3692175
3692822 3693168
3694901 3695548
3696258 3696324
3696866 3698571
3699086 3701583
3702485 3702732
3703467 3707213
3707864 3709464
3711326 3712554
3713695 3714978
3716057 3716400
3716982 3717955
3718687 3719160
3719957 3720517
3721020 3721761
3722585 3722840
3723583 3724613
3725236 3725967
3726487 3726886
3727404 3727500
3728826 3730174
3731073 3731813
3732572 3732924
3733440 3733575
3734212 3735516
3735928 3736309
3737037 3739187
3739725 3742278
3742822 3744386
3745144 3746767
3747688 3747804
3748567 3749177
3749770 3751359
3752498 3752964
3755246 3755726
3756841 3759886
3761031 3761446
3762087 3762578
3765888 3766157
3766684 3767624
3768463 3769340
3770366 3771250
3771984 3772244
3773587 3774448
3775724 3777786
3778372 3779421
3779848 3782218
3782769 3784384
3785148 3785528
3786545 3789269
3789828 3795334
3796075 3796433
3797795 3798499
3799120 3802710
3803216 3806714
3807262 3809731
3810269 3813148
3813732 3814077
3814874 3816240
3816797 3821036
3822582 3824205
3824876 3826615
3827165 3829758
3831050 3831956
3832617 3832727
3833358 3833933
3834683 3835441
3836457 3836703
3837262 3837563
3838236 3838430
3839044 3843623
3844112 3844207
3844924 3844988
3845620 3846061
3846695 3847766
3848571 3850212
3852070 3854808
3855379 3857920
3859145 3860332
3861204 3861474
3862064 3863567
3864149 3864390
3865237 3867064
3868007 3869953
3870774 3874256
3874842 3875445
3876066 3878468
3878939 3880454
3881168 3882504
3883017 3883791
3885297 3885814
3886346 3886967
3887563 3888513
3889203 3889838
3890818 3891152
3892588 3894767
3895371 3896372
3897029 3899760
3900333 3901233
3902077 3907135
3907957 3910481
3912263 3912785
3914615 3916190
3916786 3918142
3919600 3919666
3920206 3921469
3922199 3925113
3925777 3926673
3927195 3928583
3929356 3931714
3933545 3936472
3937228 3939438
3940118 3954421
3955346 3956038
3956547 3960357
3961097 3961566
3962117 3964588
3965264 3970023
3971704 3973764
3974439 3976263
3976912 3978120
3979212 3984391
3984956 3986079
3987623 3989442
3990111 3991811
3993542 3994211
3995060 3997602
3998351 3999086
3999867 4001477
4002006 4004433
4005257 4006838
4007376 4009385
4010076 4012730
4013369 4013964
4014546 4015034
4016116 4019461
4020549 4020689
4021305 4021449
4021968 4028838
4029447 4032758
4033360 4034673
4035418 4041018
4041691 4043000
4043920 4045283
4045940 4047946
4048454 4049194
4049761 4050229
4050798 4051795
4053566 4054380
4054678 4056524
4057108 4057805
4058434 4058725
4059746 4061716
4062276 4064965
4066016 4068710
4069262 4074015
4074672 4075760
4076393 4077229
4077423 4077792
4078096 4078682
4079407 4081642
4082251 4083963
4084640 4085642
4086212 4087829
4088619 4088903
4089840 4096240
4096918 4097069
4097667 4099387
4100454 4105326
4105947 4106692
4107634 4109563
4110210 4113130
4113636 4114094
4114645 4114818
4115629 4116193
4116815 4117657
4118503 4121116
4121625 4122326
4122861 4125968
4126560 4131206
4132695 4136838
4137507 4138183
4138753 4141254
4141931 4142167
4142716 4144010
4145077 4147437
4148390 4150793
4151320 4151615
4152345 4155066
4155743 4157336
4157873 4161904
4163254 4164149
4165645 4171728
4172736 4173049
4173562 4173652
4174227 4175747
4177257 4177696
4178385 4178606
4179184 4181956
4183233 4183675
4184425 4184900
4185427 4186382
4187446 4187878
4188919 4189592
4190463 4191250
4191897 4192426
4193190 4199596
4200431 4201885
4203168 4203829
4204052 4204300
4205084 4220268
4221251 4221930
4222487 4223125
4223779 4225590
4226625 4227295
4227890 4230972
4231312 4231676
4232319 4233573
4234277 4235594
4236136 4236820
4238075 4238846
4239067 4239137
4239556 4240157
4240730 4243477
4244393 4245419
4246046 4247016
4247379 4247893
4248491 4249451
4250000 4251260
4252699 4255789
4256447 4256874
4257480 4258683
4259721 4260491
4261174 4267708
4268393 4269970
4270659 4274759
4275678 4276562
4277183 4277393
4279542 4283690
4284417 4288529
4289065 4289914
4290166 4293850
4294464 4297177
4298038 4298300
4298877 4301365
4302264 4303688
4304200 4304964
4306095 4307153
4308037 4308559
4309327 4309993
4310504 4310928
4311512 4313153
4314296 4314805
4315311 4319658
4320239 4322158
4322716 4323907
4324601 4331401
4331998 4336885
4337408 4337930
4338644 4339751
4340291 4340659
4341336 4341958
4342884 4346189
4347249 4347682
4348118 4349321
4349848 4351003
4352239 4354314
4355438 4357815
4357900 4358856
4359522 4360013
4361254 4363748
4364465 4365667
4366286 4367202
4367912 4370488
4371086 4371215
4371788 4376111
4376689 4379229
4380294 4382683
4383194 4384771
4385676 4385956
4386686 4387238
4387918 4388527
4389386 4390819
4391567 4392894
4393826 4394729
4395384 4397257
4397789 4398500
4399076 4399638
4400633 4401115
4402376 4404256
4404936 4408293
4408794 4410718
4411648 4411860
4412713 4414387
4414955 4415854
4416679 4417730
4418352 4422369
4422969 4424357
4424890 4425809
4426395 4426751
4427647 4429176
4429839 4431231
4431769 4436152
4436955 4437244
4437952 4438062
4438733 4439621
4440153 4440583
4441416 4443650
4444830 4445106
4445627 4451595
4452278 4452476
4453255 4458881
4459470 4461039
4461580 4463249
4464168 4466699
4467272 4470440
4471002 4471329
4472004 4473780
4474325 4474900
4475648 4479717
4481050 4481400
4481956 4486451
4486639 4487258
4487863 4490464
4491027 4495237
4496060 4499787
4500329 4503480
4503633 4504147
4505950 4508713
4509316 4510275
4510945 4512010
4512749 4515646
4516305 4517628
4518232 4519222
4519918 4521885
4522425 4523934
4524442 4524506
4524720 4528102
4529074 4531465
4532003 4536882
4537176 4537240
4537746 4538062
4539117 4540127
4540797 4542707
4543504 4545021
4546197 4550098
4550656 4556817
4557715 4561153
4561696 4562720
4563548 4566425
4566923 4567691
4568221 4570869
4571165 4574146
4575361 4576559
4578258 4579470
4580156 4580400
4581031 4581800
4582529 4585440
4586014 4586675
4588438 4588509
4589532 4589586
4590253 4590463
4591206 4591319
4592180 4593025
4594628 4595377
4596024 4598631
4599154 4599337
4600414 4603819
4604658 4606680
4607361 4608023
4608820 4610577
4611283 4611630
4612949 4613101
4614331 4615809
4616993 4619714
4620288 4621864
4622234 4623177
4623735 4625523
4626810 4626977
4627489 4630956
4631510 4634360
4634883 4635566
4636139 4636764
4637777 4637867
4638521 4638760
4639423 4641652
